1.#INF00;1.#INF00;9.630622e-001;0.000000
1.#INF00;1.#INF00;8.975689e-001;0.000000
0.032774;0.015021;8.315985e-001;0.001000
1.#INF00;1.#INF00;7.689159e-001;0.000000
1.#INF00;1.#INF00;7.101997e-001;0.000000
1.#INF00;1.#INF00;6.556168e-001;0.000000
1.#INF00;1.#INF00;6.050065e-001;0.000000
1.#INF00;1.#INF00;5.581817e-001;0.000000
1.#INF00;1.#INF00;5.149084e-001;0.000000
1.#INF00;1.#INF00;4.749491e-001;0.001000
1.#INF00;1.#INF00;4.380712e-001;0.000000
1.#INF00;1.#INF00;4.040501e-001;0.000000
1.#INF00;1.#INF00;3.726735e-001;0.001000
1.#INF00;1.#INF00;3.437416e-001;0.001000
1.#INF00;1.#INF00;3.170676e-001;0.000000
0.240476;0.110218;2.924776e-001;0.000000
1.#INF00;1.#INF00;2.698098e-001;0.000000
1.#INF00;1.#INF00;2.489142e-001;0.002000
1.#INF00;1.#INF00;2.296522e-001;0.000000
1.#INF00;1.#INF00;2.118953e-001;0.001000
1.#INF00;1.#INF00;1.955251e-001;0.001000
1.#INF00;1.#INF00;1.804321e-001;0.001000
1.#INF00;1.#INF00;1.665155e-001;0.001000
1.#INF00;1.#INF00;1.536822e-001;0.001000
1.#INF00;1.#INF00;1.418465e-001;0.000000
0.767611;0.351822;1.309293e-001;0.000000
1.#INF00;1.#INF00;1.208579e-001;0.001000
1.#INF00;1.#INF00;1.115654e-001;0.002000
1.#INF00;1.#INF00;1.029902e-001;0.000000
1.#INF00;1.#INF00;9.507534e-002;0.000000
0.465034;0.213140;8.776877e-002;0.000000
1.#INF00;1.#INF00;8.102238e-002;0.001000
0.515181;0.236125;7.479195e-002;0.003000
1.#INF00;1.#INF00;6.903681e-002;0.001000
0.450217;0.206349;6.371951e-002;0.001000
1.#INF00;1.#INF00;5.880561e-002;0.000000
1.#INF00;1.#INF00;5.429964e-002;0.001000
1.#INF00;1.#INF00;5.017480e-002;0.000000
0.548796;0.251532;4.638035e-002;0.002000
0.603063;0.276404;4.286465e-002;0.000000
1.#INF00;1.#INF00;3.960627e-002;0.001000
0.542701;0.248738;3.658546e-002;0.001000
1.#INF00;1.#INF00;3.378405e-002;0.001000
1.#INF00;1.#INF00;3.118528e-002;0.001000
0.667568;0.305969;2.877371e-002;0.001000
0.691369;0.316877;2.653513e-002;0.000000
0.699381;0.320550;2.445641e-002;0.003000
0.689632;0.316081;2.252549e-002;0.001000
1.#INF00;1.#INF00;2.073122e-002;0.001000
1.343754;0.615887;1.915752e-002;0.003000
1.#INF00;1.#INF00;1.770192e-002;0.000000
1.#INF00;1.#INF00;1.634393e-002;0.001000
1.#INF00;1.#INF00;1.507649e-002;0.000000
1.#INF00;1.#INF00;1.389306e-002;0.000000
1.#INF00;1.#INF00;1.278763e-002;0.002000
0.716683;0.328480;1.175461e-002;0.001000
1.#INF00;1.#INF00;1.078886e-002;0.001000
0.868407;0.398020;9.885614e-003;0.001000
0.741206;0.339719;9.040460e-003;0.001000
1.#INF00;1.#INF00;8.378038e-003;0.000000
1.#INF00;1.#INF00;7.784286e-003;0.001000
0.934748;0.428426;7.318876e-003;0.003000
1.#INF00;1.#INF00;6.982710e-003;0.001000
1.904698;0.872987;6.936540e-003;0.001000
1.#INF00;1.#INF00;6.977142e-003;0.001000
0.656500;0.300896;7.002898e-003;0.003000
1.008922;0.462423;7.033377e-003;0.002000
1.014992;0.465205;7.073208e-003;0.001000
1.#INF00;1.#INF00;7.100405e-003;0.001000
1.#INF00;1.#INF00;7.116395e-003;0.001000
1.#INF00;1.#INF00;7.122472e-003;0.001000
1.#INF00;1.#INF00;7.119882e-003;0.001000
1.#INF00;1.#INF00;7.136431e-003;0.001000
1.#INF00;1.#INF00;7.144360e-003;0.002000
1.#INF00;1.#INF00;7.144677e-003;0.000000
1.#INF00;1.#INF00;7.138297e-003;0.001000
1.#INF00;1.#INF00;7.126048e-003;0.002000
1.146038;0.525268;7.108677e-003;0.001000
1.188486;0.544723;7.086860e-003;0.000000
1.204683;0.552146;7.061207e-003;0.013000
1.#INF00;1.#INF00;7.032266e-003;0.001000
1.#INF00;1.#INF00;7.000533e-003;0.001000
1.202928;0.551342;6.966453e-003;0.001000
1.264917;0.579754;6.930425e-003;0.001000
0.873385;0.400302;6.892806e-003;0.002000
1.293795;0.592990;6.853918e-003;0.001000
1.303541;0.597456;6.814047e-003;0.001000
1.316016;0.603174;6.773447e-003;0.001000
0.767251;0.351657;6.732347e-003;0.002000
1.345926;0.616883;6.690946e-003;0.001000
1.365099;0.625670;6.649424e-003;0.001000
1.#INF00;1.#INF00;6.607938e-003;0.000000
1.192146;0.546400;6.566626e-003;0.001000
1.#INF00;1.#INF00;6.525609e-003;0.001000
1.362408;0.624437;6.484992e-003;0.001000
1.#INF00;1.#INF00;6.444867e-003;0.001000
1.223724;0.560874;6.405313e-003;0.001000
1.465564;0.671717;6.366396e-003;0.001000
1.254237;0.574859;6.328173e-003;0.001000
1.504773;0.689688;6.290693e-003;0.000000
1.472282;0.674796;6.253995e-003;0.001000
1.534868;0.703481;6.218111e-003;0.001000
1.#INF00;1.#INF00;6.183066e-003;0.001000
1.#INF00;1.#INF00;6.148879e-003;0.001000
1.269170;0.581703;6.115566e-003;0.001000
1.414710;0.648409;6.083134e-003;0.001000
1.595227;0.731146;6.051591e-003;0.001000
1.623214;0.743973;6.020936e-003;0.000000
1.#INF00;1.#INF00;5.991169e-003;0.001000
1.#INF00;1.#INF00;5.962285e-003;0.001000
1.032148;0.473068;5.934276e-003;0.002000
1.268028;0.581179;5.909525e-003;0.002000
1.435361;0.657874;5.886585e-003;0.001000
1.701604;0.779902;5.864354e-003;0.001000
1.#INF00;1.#INF00;5.842826e-003;0.000000
1.#INF00;1.#INF00;5.821987e-003;0.001000
1.578260;0.723369;5.801828e-003;0.001000
1.#INF00;1.#INF00;5.782336e-003;0.001000
1.774131;0.813143;5.763497e-003;0.002000
1.792863;0.821729;5.745297e-003;0.001000
1.820340;0.834322;5.727722e-003;0.001000
1.713681;0.785437;5.710756e-003;0.001000
3.660592;1.677771;5.694385e-003;0.001000
1.574769;0.721769;5.678594e-003;0.001000
1.865794;0.855155;5.663366e-003;0.001000
1.882506;0.862815;5.648687e-003;0.003000
1.#INF00;1.#INF00;5.634540e-003;0.001000
1.539783;0.705734;5.620910e-003;0.003000
1.864028;0.854346;5.607781e-003;0.002000
1.955737;0.896380;5.595139e-003;0.001000
1.970781;0.903275;5.582967e-003;0.001000
1.871698;0.857861;5.571252e-003;0.002000
1.#INF00;1.#INF00;5.559979e-003;0.001000
1.526168;0.699494;5.549132e-003;0.001000
0.970349;0.444743;5.538698e-003;0.004000
1.#INF00;1.#INF00;5.528664e-003;0.001000
0.976691;0.447650;5.519014e-003;0.002000
2.055934;0.942303;5.509737e-003;0.001000
1.#INF00;1.#INF00;5.500819e-003;0.000000
1.#INF00;1.#INF00;5.492247e-003;0.001000
2.055364;0.942042;5.484010e-003;0.001000
1.703961;0.780982;5.476095e-003;0.001000
2.151311;0.986017;5.468490e-003;0.000000
4.285571;1.964220;5.461185e-003;0.000000
1.#INF00;1.#INF00;5.454168e-003;0.001000
1.#INF00;1.#INF00;5.447429e-003;0.002000
2.214135;1.014812;5.440958e-003;0.003000
2.211198;1.013466;5.434744e-003;0.001000
2.221391;1.018137;5.428778e-003;0.001000
1.#INF00;1.#INF00;5.423050e-003;0.002000
1.129754;0.517804;5.417552e-003;0.002000
2.266117;1.038637;5.412274e-003;0.001000
1.665385;0.763302;5.407209e-003;0.002000
1.#INF00;1.#INF00;5.402347e-003;0.001000
0.881316;0.403936;5.397682e-003;0.002000
1.#INF00;1.#INF00;5.397682e-003;0.002000
2.331840;1.068760;5.397682e-003;0.002000
2.252658;1.032468;5.397682e-003;0.001000
2.147018;0.984050;5.397682e-003;0.001000
2.113515;0.968694;5.397682e-003;0.001000
2.332398;1.069016;5.397682e-003;0.001000
2.032039;0.931351;5.397682e-003;0.001000
2.334073;1.069783;5.397682e-003;0.000000
2.242299;1.027720;5.397682e-003;0.003000
2.334073;1.069783;5.397682e-003;0.001000
2.336870;1.071065;5.397682e-003;0.000000
1.943743;0.890882;5.397682e-003;0.001000
2.324614;1.065448;5.397682e-003;0.002000
1.038858;0.476143;5.397682e-003;0.003000
2.334632;1.070040;5.397682e-003;0.001000
2.331840;1.068760;5.397682e-003;0.001000
1.703364;0.780708;5.397682e-003;0.001000
2.061246;0.944738;5.397682e-003;0.001000
1.694484;0.776639;5.397682e-003;0.002000
2.329612;1.067739;5.397682e-003;0.000000
2.329612;1.067739;5.397682e-003;0.001000
1.#INF00;1.#INF00;5.397682e-003;0.001000
0.777838;0.356509;5.397682e-003;0.005000
1.934489;0.886641;5.397682e-003;0.001000
1.517547;0.695542;5.397682e-003;0.002000
1.545690;0.708441;5.397682e-003;0.003000
2.308655;1.058133;5.397682e-003;0.003000
1.885855;0.864350;5.397682e-003;0.002000
2.018162;0.924991;5.397682e-003;0.002000
1.#INF00;1.#INF00;5.397682e-003;0.002000
2.332398;1.069016;5.397682e-003;0.002000
1.137496;0.521353;5.397682e-003;0.002000
2.185023;1.001469;5.397682e-003;0.001000
2.048258;0.938785;5.397682e-003;0.002000
1.166618;0.534700;5.397682e-003;0.003000
1.166618;0.534700;5.397682e-003;0.003000
1.112960;0.510107;5.397682e-003;0.002000
2.241783;1.027484;5.397682e-003;0.002000
2.334073;1.069783;5.397682e-003;0.000000
1.965684;0.900938;5.397682e-003;0.002000
2.237668;1.025598;5.397682e-003;0.002000
2.331840;1.068760;5.397682e-003;0.001000
1.441288;0.660590;5.397682e-003;0.001000
2.313035;1.060141;5.397682e-003;0.002000
1.166060;0.534444;5.397682e-003;0.002000
1.#INF00;1.#INF00;5.397682e-003;0.001000
2.228973;1.021613;5.397682e-003;0.002000
0.664832;0.304715;5.397682e-003;0.005000
0.818994;0.375372;5.397682e-003;0.006000
2.318535;1.062662;5.397682e-003;0.001000
2.334632;1.070040;5.397682e-003;0.001000
1.593685;0.730439;5.397682e-003;0.001000
2.331840;1.068760;5.397682e-003;0.001000
2.012747;0.922509;5.397682e-003;0.001000
2.317984;1.062409;5.397682e-003;0.003000
2.281646;1.045755;5.397682e-003;0.002000
1.123215;0.514807;5.397682e-003;0.002000
2.317984;1.062409;5.397682e-003;0.002000
2.311391;1.059387;5.397682e-003;0.001000
2.317984;1.062409;5.397682e-003;0.001000
2.309201;1.058384;5.397682e-003;0.001000
1.796896;0.823578;5.397682e-003;0.003000
2.313584;1.060393;5.397682e-003;0.001000
2.331840;1.068760;5.397682e-003;0.001000
1.784402;0.817851;5.397682e-003;0.002000
0.935959;0.428981;5.397682e-003;0.002000
1.#INF00;1.#INF00;5.397682e-003;0.002000
2.317984;1.062409;5.397682e-003;0.001000
1.822077;0.835119;5.397682e-003;0.001000
2.334632;1.070040;5.397682e-003;0.001000
1.165363;0.534125;5.397682e-003;0.002000
2.050411;0.939772;5.397682e-003;0.002000
1.640881;0.752071;5.397682e-003;0.002000
2.251098;1.031753;5.397682e-003;0.001000
2.332398;1.069016;5.397682e-003;0.001000
0.686067;0.314447;5.397682e-003;0.005000
2.246431;1.029614;5.397682e-003;0.001000
2.048688;0.938982;5.397682e-003;0.001000
2.343609;1.074154;5.397682e-003;0.000000
1.792602;0.821609;5.397682e-003;0.002000
1.601274;0.733917;5.397682e-003;0.001000
1.792602;0.821609;5.397682e-003;0.001000
1.903896;0.872619;5.397682e-003;0.002000
2.329612;1.067739;5.397682e-003;0.001000
1.881126;0.862183;5.397682e-003;0.001000
1.810911;0.830001;5.397682e-003;0.002000
2.284319;1.046979;5.397682e-003;0.001000
2.049980;0.939574;5.397682e-003;0.002000
2.061246;0.944738;5.397682e-003;0.002000
1.616671;0.740974;5.397682e-003;0.002000
1.921528;0.880701;5.397682e-003;0.001000
1.221872;0.560024;5.397682e-003;0.003000
1.165502;0.534189;5.397682e-003;0.003000
0.924162;0.423574;5.397682e-003;0.002000
1.806550;0.828002;5.397682e-003;0.001000
1.700987;0.779619;5.397682e-003;0.002000
0.770890;0.353325;5.397682e-003;0.004000
2.332398;1.069016;5.397682e-003;0.001000
2.331840;1.068760;5.397682e-003;0.001000
1.#INF00;1.#INF00;5.397682e-003;0.002000
1.108154;0.507904;5.397682e-003;0.003000
2.313584;1.060393;5.397682e-003;0.001000
1.207199;0.553300;5.397682e-003;0.003000
1.833726;0.840458;5.397682e-003;0.002000
1.166618;0.534700;5.397682e-003;0.002000
2.311391;1.059387;5.397682e-003;0.001000
2.295071;1.051908;5.397682e-003;0.008000
2.331840;1.068760;5.397682e-003;0.001000
2.006122;0.919472;5.397682e-003;0.002000
1.529447;0.700997;5.397682e-003;0.002000
1.046775;0.479772;5.397682e-003;0.002000
2.212286;1.013964;5.397682e-003;0.001000
2.245914;1.029377;5.397682e-003;0.002000
1.732414;0.794023;5.397682e-003;0.002000
2.231523;1.022782;5.397682e-003;0.002000
1.732722;0.794164;5.397682e-003;0.001000
1.503972;0.689321;5.397682e-003;0.002000
2.331840;1.068760;5.397682e-003;0.001000
1.915113;0.877760;5.397682e-003;0.002000
2.315782;1.061400;5.397682e-003;0.001000
1.750764;0.802434;5.397682e-003;0.001000
2.331840;1.068760;5.397682e-003;0.000000
1.713239;0.785235;5.397682e-003;0.001000
1.782771;0.817103;5.397682e-003;0.001000
2.331840;1.068760;5.397682e-003;0.001000
1.164250;0.533615;5.397682e-003;0.002000
2.331840;1.068760;5.397682e-003;0.001000
2.317984;1.062409;5.397682e-003;0.001000
0.968397;0.443849;5.397682e-003;0.004000
2.331840;1.068760;5.397682e-003;0.000000
2.331840;1.068760;5.397682e-003;0.000000
1.#INF00;1.#INF00;5.397682e-003;0.001000
1.301796;0.596657;5.397682e-003;0.001000
1.166618;0.534700;5.397682e-003;0.001000
1.325507;0.607524;5.397682e-003;0.001000
2.332398;1.069016;5.397682e-003;0.001000
2.334632;1.070040;5.397682e-003;0.000000
1.547898;0.709453;5.397682e-003;0.001000
2.317984;1.062409;5.397682e-003;0.002000
2.304290;1.056133;5.397682e-003;0.001000
2.179164;0.998783;5.397682e-003;0.002000
2.318535;1.062662;5.397682e-003;0.002000
1.658180;0.759999;5.397682e-003;0.001000
2.037559;0.933881;5.397682e-003;0.002000
2.331840;1.068760;5.397682e-003;0.001000
4.623877;2.119277;5.397682e-003;0.002000
0.921890;0.422533;5.397682e-003;0.003000
1.788657;0.819801;5.397682e-003;0.001000
2.334632;1.070040;5.397682e-003;0.001000
2.283784;1.046734;5.397682e-003;0.003000
1.#INF00;1.#INF00;5.397682e-003;0.001000
2.325169;1.065702;5.397682e-003;0.002000
1.867437;0.855909;5.397682e-003;0.002000
2.277384;1.043801;5.397682e-003;0.001000
1.302492;0.596975;5.397682e-003;0.001000
2.334073;1.069783;5.397682e-003;0.001000
1.165920;0.534380;5.397682e-003;0.001000
1.650043;0.756270;5.397682e-003;0.002000
0.952041;0.436352;5.397682e-003;0.003000
4.604229;2.110272;5.397682e-003;0.001000
1.733646;0.794588;5.397682e-003;0.001000
2.324614;1.065448;5.397682e-003;0.001000
2.096250;0.960781;5.397682e-003;0.802000
2.334632;1.070040;5.397682e-003;0.001000
1.#INF00;1.#INF00;5.397682e-003;0.001000
1.#INF00;1.#INF00;5.397682e-003;0.001000
2.250579;1.031515;5.397682e-003;0.464000
1.631547;0.747792;5.397682e-003;0.002000
2.315782;1.061400;5.397682e-003;0.001000
2.295071;1.051908;5.397682e-003;0.002000
1.936025;0.887345;5.397682e-003;0.002000
1.#INF00;1.#INF00;5.397682e-003;0.000000
2.325169;1.065702;5.397682e-003;0.000000
1.863156;0.853946;5.397682e-003;0.001000
2.329612;1.067739;5.397682e-003;0.001000
2.310843;1.059136;5.397682e-003;0.001000
2.331840;1.068760;5.397682e-003;0.000000
2.334073;1.069783;5.397682e-003;0.001000
2.329612;1.067739;5.397682e-003;0.000000
2.251098;1.031753;5.397682e-003;0.001000
1.#INF00;1.#INF00;5.397682e-003;0.001000
2.329612;1.067739;5.397682e-003;0.001000
4.621686;2.118273;5.397682e-003;0.000000
2.317984;1.062409;5.397682e-003;0.001000
1.616939;0.741097;5.397682e-003;0.001000
1.901298;0.871428;5.397682e-003;0.002000
1.#INF00;1.#INF00;5.397682e-003;0.001000
0.994468;0.455798;5.397682e-003;0.002000
1.664406;0.762853;5.397682e-003;0.002000
1.958577;0.897681;5.397682e-003;0.002000
2.320742;1.063673;5.397682e-003;0.001000
2.152706;0.986657;5.397682e-003;0.002000
1.#INF00;1.#INF00;5.397682e-003;0.001000
1.744188;0.799420;5.397682e-003;0.001000
2.158901;0.989496;5.397682e-003;0.002000
1.544710;0.707992;5.397682e-003;0.001000
2.320190;1.063420;5.397682e-003;0.001000
2.292912;1.050918;5.397682e-003;0.001000
2.325169;1.065702;5.397682e-003;0.002000
1.#INF00;1.#INF00;5.397682e-003;0.001000
2.331840;1.068760;5.397682e-003;0.001000
2.261539;1.036539;5.397682e-003;0.002000
2.331840;1.068760;5.397682e-003;0.001000
1.955435;0.896241;5.397682e-003;0.002000
1.165920;0.534380;5.397682e-003;0.002000
2.043108;0.936425;5.397682e-003;0.001000
2.127347;0.975034;5.397682e-003;0.002000
0.767070;0.351574;5.397682e-003;0.004000
2.331840;1.068760;5.397682e-003;0.000000
1.052424;0.482361;5.397682e-003;0.002000
2.079266;0.952997;5.397682e-003;0.002000
2.332398;1.069016;5.397682e-003;0.001000
1.999130;0.916268;5.397682e-003;0.002000
1.170117;0.536304;5.397682e-003;0.001000
2.322953;1.064687;5.397682e-003;0.002000
0.701111;0.321343;5.397682e-003;0.004000
2.332398;1.069016;5.397682e-003;0.000000
0.963898;0.441787;5.397682e-003;0.004000
2.332398;1.069016;5.397682e-003;0.001000
1.#INF00;1.#INF00;5.397682e-003;0.001000
1.955435;0.896241;5.397682e-003;0.002000
2.244363;1.028666;5.397682e-003;0.001000
1.361217;0.623891;5.397682e-003;0.002000
1.#INF00;1.#INF00;5.397682e-003;0.001000
2.257351;1.034619;5.397682e-003;0.001000
1.721101;0.788838;5.397682e-003;0.002000
1.858540;0.851831;5.397682e-003;0.001000
2.332398;1.069016;5.397682e-003;0.001000
2.343609;1.074154;5.397682e-003;0.000000
1.459625;0.668995;5.397682e-003;0.001000
1.#INF00;1.#INF00;5.397682e-003;0.000000
1.856770;0.851020;5.397682e-003;0.002000
1.#INF00;1.#INF00;5.397682e-003;0.002000
1.065533;0.488369;5.397682e-003;0.002000
1.149836;0.527008;5.397682e-003;0.003000
2.147018;0.984050;5.397682e-003;0.002000
2.242299;1.027720;5.397682e-003;0.002000
1.802543;0.826165;5.397682e-003;0.002000
2.253179;1.032707;5.397682e-003;0.001000
1.849726;0.847791;5.397682e-003;0.002000
2.331840;1.068760;5.397682e-003;0.002000
1.#INF00;1.#INF00;5.397682e-003;0.002000
2.332398;1.069016;5.397682e-003;0.001000
2.220345;1.017658;5.397682e-003;0.002000
2.081485;0.954014;5.397682e-003;0.002000
1.250706;0.573240;5.397682e-003;0.001000
1.857124;0.851182;5.397682e-003;0.001000
1.164250;0.533615;5.397682e-003;0.002000
1.382248;0.633530;5.397682e-003;0.002000
1.343217;0.615641;5.397682e-003;0.001000
2.212286;1.013964;5.397682e-003;0.002000
2.197827;1.007337;5.397682e-003;0.002000
2.325169;1.065702;5.397682e-003;0.001000
1.215324;0.557023;5.397682e-003;0.002000
2.331840;1.068760;5.397682e-003;0.000000
1.165920;0.534380;5.397682e-003;0.001000
0.970807;0.444953;5.397682e-003;0.003000
1.047337;0.480030;5.397682e-003;0.005000
4.612941;2.114265;5.397682e-003;0.001000
2.332398;1.069016;5.397682e-003;0.002000
2.336870;1.071065;5.397682e-003;0.001000
1.166060;0.534444;5.397682e-003;0.003000
2.320190;1.063420;5.397682e-003;0.001000
2.235616;1.024657;5.397682e-003;0.002000
2.325169;1.065702;5.397682e-003;0.001000
1.148752;0.526511;5.397682e-003;0.003000
1.165920;0.534380;5.397682e-003;0.004000
2.315782;1.061400;5.397682e-003;0.001000
0.964375;0.442005;5.397682e-003;0.003000
1.835107;0.841091;5.397682e-003;0.002000
1.799549;0.824793;5.397682e-003;0.002000
0.815501;0.373771;5.397682e-003;0.004000
2.233568;1.023719;5.397682e-003;0.002000
2.220345;1.017658;5.397682e-003;0.001000
1.792602;0.821609;5.397682e-003;0.001000
2.279513;1.044777;5.397682e-003;0.002000
2.315782;1.061400;5.397682e-003;0.001000
1.689786;0.774485;5.397682e-003;0.001000
2.235616;1.024657;5.397682e-003;0.002000
1.741696;0.798277;5.397682e-003;0.002000
2.331840;1.068760;5.397682e-003;0.001000
2.098054;0.961608;5.397682e-003;0.003000
1.#INF00;1.#INF00;5.397682e-003;0.002000
1.861733;0.853294;5.397682e-003;0.002000
1.#INF00;1.#INF00;5.397682e-003;0.001000
1.#INF00;1.#INF00;5.397682e-003;0.002000
4.612941;2.114265;5.397682e-003;0.000000
2.018162;0.924991;5.397682e-003;0.002000
1.765343;0.809116;5.397682e-003;0.002000
1.795573;0.822971;5.397682e-003;0.002000
1.#INF00;1.#INF00;5.397682e-003;0.001000
1.781468;0.816506;5.397682e-003;0.002000
1.#INF00;1.#INF00;5.397682e-003;0.001000
2.237668;1.025598;5.397682e-003;0.002000
2.313584;1.060393;5.397682e-003;0.002000
1.955435;0.896241;5.397682e-003;0.002000
2.331840;1.068760;5.397682e-003;0.001000
1.153918;0.528879;5.397682e-003;0.002000
1.957005;0.896961;5.397682e-003;0.002000
1.165920;0.534380;5.397682e-003;0.001000
2.220851;1.017890;5.397682e-003;0.003000
1.018886;0.466989;5.397682e-003;0.002000
2.332398;1.069016;5.397682e-003;0.000000
1.720797;0.788699;5.397682e-003;0.001000
1.#INF00;1.#INF00;5.397682e-003;0.000000
2.033734;0.932128;5.397682e-003;0.002000
2.244363;1.028666;5.397682e-003;0.001000
1.636201;0.749925;5.397682e-003;0.001000
2.313035;1.060141;5.397682e-003;0.002000
2.331840;1.068760;5.397682e-003;0.000000
2.313584;1.060393;5.397682e-003;0.001000
1.555304;0.712848;5.397682e-003;0.001000
2.327388;1.066720;5.397682e-003;0.000000
2.329612;1.067739;5.397682e-003;0.003000
1.781468;0.816506;5.397682e-003;0.002000
1.758658;0.806051;5.397682e-003;0.002000
2.068241;0.947944;5.397682e-003;0.001000
2.315782;1.061400;5.397682e-003;0.001000
1.727503;0.791772;5.397682e-003;0.002000
2.329612;1.067739;5.397682e-003;0.001000
1.#INF00;1.#INF00;5.397682e-003;0.001000
1.166618;0.534700;5.397682e-003;0.004000
2.308655;1.058133;5.397682e-003;0.001000
1.015385;0.465385;5.397682e-003;0.002000
2.332398;1.069016;5.397682e-003;0.001000
2.325169;1.065702;5.397682e-003;0.001000
2.315782;1.061400;5.397682e-003;0.001000
1.568815;0.719040;5.397682e-003;0.001000
1.787018;0.819050;5.397682e-003;0.002000
1.689786;0.774485;5.397682e-003;0.002000
1.157753;0.530637;5.397682e-003;0.003000
2.233056;1.023484;5.397682e-003;0.002000
1.117296;0.512094;5.397682e-003;0.002000
2.339112;1.072093;5.397682e-003;0.001000
1.995448;0.914581;5.397682e-003;0.001000
1.024237;0.469442;5.397682e-003;0.002000
2.331840;1.068760;5.397682e-003;0.002000
2.241783;1.027484;5.397682e-003;0.002000
1.621509;0.743192;5.397682e-003;0.001000
1.795242;0.822819;5.397682e-003;0.002000
1.896491;0.869225;5.397682e-003;0.002000
2.308655;1.058133;5.397682e-003;0.001000
1.912109;0.876383;5.397682e-003;0.001000
1.#INF00;1.#INF00;5.397682e-003;0.001000
2.310843;1.059136;5.397682e-003;0.002000
1.158992;0.531205;5.397682e-003;0.002000
2.325169;1.065702;5.397682e-003;0.001000
1.899446;0.870580;5.397682e-003;0.001000
1.149294;0.526760;5.397682e-003;0.004000
1.014329;0.464901;5.397682e-003;0.003000
2.322953;1.064687;5.397682e-003;0.002000
2.259443;1.035578;5.397682e-003;0.001000
2.422195;1.110173;5.397682e-003;0.001000
2.331840;1.068760;5.397682e-003;0.001000
1.666682;0.763896;5.397682e-003;0.002000
2.336870;1.071065;5.397682e-003;0.001000
1.791285;0.821006;5.397682e-003;0.001000
1.978847;0.906971;5.397682e-003;0.001000
1.167176;0.534956;5.397682e-003;0.004000
2.231013;1.022548;5.397682e-003;0.001000
1.#INF00;1.#INF00;5.397682e-003;0.001000
2.174790;0.996779;5.397682e-003;0.003000
1.955435;0.896241;5.397682e-003;0.001000
2.334073;1.069783;5.397682e-003;0.000000
2.241783;1.027484;5.397682e-003;0.002000
1.#INF00;1.#INF00;5.397682e-003;0.001000
1.#INF00;1.#INF00;5.397682e-003;0.001000
2.218830;1.016964;5.397682e-003;0.001000
1.#INF00;1.#INF00;5.397682e-003;0.001000
1.849726;0.847791;5.397682e-003;0.002000
4.345703;1.991780;5.397682e-003;0.001000
1.927987;0.883661;5.397682e-003;0.001000
1.855710;0.850534;5.397682e-003;0.001000
2.313584;1.060393;5.397682e-003;0.001000
2.334073;1.069783;5.397682e-003;0.001000
0.942108;0.431799;5.397682e-003;0.002000
1.044421;0.478693;5.397682e-003;0.005000
2.331840;1.068760;5.397682e-003;0.000000
2.313584;1.060393;5.397682e-003;0.001000
2.268378;1.039673;5.397682e-003;0.002000
1.#INF00;1.#INF00;5.397682e-003;0.001000
2.329612;1.067739;5.397682e-003;0.000000
4.313028;1.976805;5.397682e-003;0.001000
1.057674;0.484767;5.397682e-003;0.002000
2.231523;1.022782;5.397682e-003;0.002000
2.140891;0.981242;5.397682e-003;0.002000
2.313584;1.060393;5.397682e-003;0.001000
2.331840;1.068760;5.397682e-003;0.003000
2.331840;1.068760;5.397682e-003;0.002000
1.153781;0.528816;5.397682e-003;0.002000
2.052137;0.940563;5.397682e-003;0.002000
2.281646;1.045755;5.397682e-003;0.002000
2.317984;1.062409;5.397682e-003;0.002000
2.336310;1.070809;5.397682e-003;0.001000
1.#INF00;1.#INF00;5.397682e-003;0.001000
1.708137;0.782896;5.397682e-003;0.001000
2.248503;1.030564;5.397682e-003;0.001000
1.581537;0.724871;5.397682e-003;0.001000
2.331840;1.068760;5.397682e-003;0.000000
2.325169;1.065702;5.397682e-003;0.001000
2.331840;1.068760;5.397682e-003;0.000000
1.155011;0.529380;5.397682e-003;0.002000
2.311391;1.059387;5.397682e-003;0.002000
2.329612;1.067739;5.397682e-003;0.001000
1.657335;0.759612;5.397682e-003;0.001000
2.329612;1.067739;5.397682e-003;0.002000
2.050411;0.939772;5.397682e-003;0.001000
2.164652;0.992132;5.397682e-003;0.001000
1.#INF00;1.#INF00;5.397682e-003;0.000000
1.097800;0.503158;5.397682e-003;0.002000
1.152690;0.528316;5.397682e-003;0.002000
2.297234;1.052899;5.397682e-003;0.002000
1.046326;0.479566;5.397682e-003;0.002000
1.952304;0.894806;5.397682e-003;0.002000
1.772080;0.812203;5.397682e-003;0.002000
2.329612;1.067739;5.397682e-003;0.000000
2.308655;1.058133;5.397682e-003;0.002000
1.632913;0.748418;5.397682e-003;0.001000
2.325169;1.065702;5.397682e-003;0.002000
2.203787;1.010069;5.397682e-003;0.001000
2.329612;1.067739;5.397682e-003;0.001000
2.332398;1.069016;5.397682e-003;0.001000
0.871782;0.399567;5.397682e-003;0.003000
4.612941;2.114265;5.397682e-003;0.001000
2.315782;1.061400;5.397682e-003;0.001000
1.670393;0.765597;5.397682e-003;0.002000
0.735039;0.336893;5.397682e-003;0.004000
1.#INF00;1.#INF00;5.397682e-003;0.001000
2.310843;1.059136;5.397682e-003;0.001000
2.167057;0.993234;5.397682e-003;0.001000
1.165920;0.534380;5.397682e-003;0.001000
1.155011;0.529380;5.397682e-003;0.003000
1.166060;0.534444;5.397682e-003;0.001000
1.#INF00;1.#INF00;5.397682e-003;0.002000
0.481164;0.220534;5.397682e-003;0.006000
0.983139;0.450605;5.397682e-003;0.003000
1.#INF00;1.#INF00;5.397682e-003;0.001000
0.931044;0.426729;5.397682e-003;0.003000
0.927061;0.424903;5.397682e-003;0.004000
2.278980;1.044533;5.397682e-003;0.001000
2.322400;1.064433;5.397682e-003;0.001000
2.313584;1.060393;5.397682e-003;0.001000
1.973640;0.904585;5.397682e-003;0.001000
1.819018;0.833717;5.397682e-003;0.001000
2.295071;1.051908;5.397682e-003;0.002000
1.983677;0.909185;5.397682e-003;0.002000
2.281646;1.045755;5.397682e-003;0.001000
2.334632;1.070040;5.397682e-003;0.002000
1.520623;0.696952;5.397682e-003;0.002000
0.986421;0.452110;5.397682e-003;0.002000
1.138027;0.521596;5.397682e-003;0.002000
2.331840;1.068760;5.397682e-003;0.001000
2.334632;1.070040;5.397682e-003;0.001000
2.288608;1.048945;5.397682e-003;0.002000
2.331840;1.068760;5.397682e-003;0.000000
2.240238;1.026776;5.397682e-003;0.001000
2.248503;1.030564;5.397682e-003;0.002000
1.936025;0.887345;5.397682e-003;0.002000
2.329612;1.067739;5.397682e-003;0.000000
1.#INF00;1.#INF00;5.397682e-003;0.000000
2.315782;1.061400;5.397682e-003;0.001000
1.#INF00;1.#INF00;5.397682e-003;0.002000
1.684823;0.772211;5.397682e-003;0.001000
2.309201;1.058384;5.397682e-003;0.001000
2.331840;1.068760;5.397682e-003;0.000000
2.317984;1.062409;5.397682e-003;0.002000
1.165502;0.534189;5.397682e-003;0.001000
2.189438;1.003492;5.397682e-003;0.002000
2.281646;1.045755;5.397682e-003;0.001000
1.783097;0.817253;5.397682e-003;0.002000
2.311391;1.059387;5.397682e-003;0.002000
4.623877;2.119277;5.397682e-003;0.001000
2.332398;1.069016;5.397682e-003;0.001000
1.559283;0.714671;5.397682e-003;0.003000
2.100314;0.962644;5.397682e-003;0.001000
0.732554;0.335754;5.397682e-003;0.004000
0.940926;0.431258;5.397682e-003;0.005000
1.164250;0.533615;5.397682e-003;0.002000
1.#INF00;1.#INF00;5.397682e-003;0.002000
2.156991;0.988621;5.397682e-003;0.001000
1.654803;0.758452;5.397682e-003;0.002000
2.109857;0.967018;5.397682e-003;0.001000
1.#INF00;1.#INF00;5.397682e-003;0.001000
1.944130;0.891060;5.397682e-003;0.002000
2.226937;1.020679;5.397682e-003;0.002000
1.923044;0.881395;5.397682e-003;0.002000
1.992594;0.913272;5.397682e-003;0.001000
4.378876;2.006985;5.397682e-003;0.001000
2.325169;1.065702;5.397682e-003;0.001000
2.327388;1.066720;5.397682e-003;0.001000
1.#INF00;1.#INF00;5.397682e-003;0.001000
1.713540;0.785373;5.397682e-003;0.001000
2.334073;1.069783;5.397682e-003;0.001000
2.220345;1.017658;5.397682e-003;0.002000
2.306470;1.057132;5.397682e-003;0.001000
0.516103;0.236547;5.397682e-003;0.005000
1.934489;0.886641;5.397682e-003;0.001000
1.166060;0.534444;5.397682e-003;0.002000
1.962124;0.899307;5.397682e-003;0.002000
1.708437;0.783033;5.397682e-003;0.001000
1.#INF00;1.#INF00;5.397682e-003;0.002000
1.997492;0.915517;5.397682e-003;0.001000
2.152706;0.986657;5.397682e-003;0.002000
2.315232;1.061148;5.397682e-003;0.002000
2.297775;1.053147;5.397682e-003;0.002000
2.235616;1.024657;5.397682e-003;0.001000
0.748064;0.342862;5.397682e-003;0.004000
0.987720;0.452705;5.397682e-003;0.002000
2.320190;1.063420;5.397682e-003;0.001000
1.939105;0.888756;5.397682e-003;0.002000
1.595771;0.731395;5.397682e-003;0.001000
2.315782;1.061400;5.397682e-003;0.001000
2.311391;1.059387;5.397682e-003;0.002000
2.336310;1.070809;5.397682e-003;0.003000
0.756067;0.346531;5.397682e-003;0.005000
1.541780;0.706649;5.397682e-003;0.002000
2.076167;0.951577;5.397682e-003;0.002000
1.511666;0.692847;5.397682e-003;0.002000
1.157341;0.530448;5.397682e-003;0.003000
2.270491;1.040641;5.397682e-003;0.002000
2.197827;1.007337;5.397682e-003;0.002000
0.925126;0.424016;5.397682e-003;0.002000
1.157891;0.530700;5.397682e-003;0.002000
2.331840;1.068760;5.397682e-003;0.001000
2.317984;1.062409;5.397682e-003;0.002000
1.166060;0.534444;5.397682e-003;0.002000
2.156514;0.988402;5.397682e-003;0.002000
2.002414;0.917773;5.397682e-003;0.002000
1.888777;0.865690;5.397682e-003;0.003000
2.331840;1.068760;5.397682e-003;0.003000
0.991939;0.454639;5.397682e-003;0.004000
2.121331;0.972277;5.397682e-003;0.002000
2.226937;1.020679;5.397682e-003;0.002000
2.315782;1.061400;5.397682e-003;0.001000
2.304290;1.056133;5.397682e-003;0.002000
2.136669;0.979307;5.397682e-003;0.002000
2.315782;1.061400;5.397682e-003;0.001000
1.576424;0.722528;5.397682e-003;0.001000
1.814956;0.831855;5.397682e-003;0.001000
1.789970;0.820403;5.397682e-003;0.002000
2.341358;1.073122;5.397682e-003;0.000000
2.313584;1.060393;5.397682e-003;0.001000
2.331840;1.068760;5.397682e-003;0.001000
1.747940;0.801139;5.397682e-003;0.002000
2.044822;0.937210;5.397682e-003;0.002000
0.960008;0.440003;5.397682e-003;0.003000
2.106211;0.965347;5.397682e-003;0.002000
1.#INF00;1.#INF00;5.397682e-003;0.002000
2.315782;1.061400;5.397682e-003;0.002000
2.332398;1.069016;5.397682e-003;0.001000
1.619086;0.742081;5.397682e-003;0.001000
2.246431;1.029614;5.397682e-003;0.002000
2.331840;1.068760;5.397682e-003;0.001000
2.322953;1.064687;5.397682e-003;0.001000
1.603380;0.734882;5.397682e-003;0.001000
1.578465;0.723463;5.397682e-003;0.002000
1.152690;0.528316;5.397682e-003;0.004000
1.723534;0.789953;5.397682e-003;0.001000
1.165920;0.534380;5.397682e-003;0.004000
2.331840;1.068760;5.397682e-003;0.000000
2.248503;1.030564;5.397682e-003;0.001000
2.329612;1.067739;5.397682e-003;0.000000
1.590306;0.728890;5.397682e-003;0.002000
2.315782;1.061400;5.397682e-003;0.001000
2.334073;1.069783;5.397682e-003;0.000000
2.205781;1.010983;5.397682e-003;0.002000
2.311391;1.059387;5.397682e-003;0.001000
1.#INF00;1.#INF00;5.397682e-003;0.002000
1.#INF00;1.#INF00;5.397682e-003;0.001000
1.#INF00;1.#INF00;5.397682e-003;0.002000
2.061246;0.944738;5.397682e-003;0.001000
2.248503;1.030564;5.397682e-003;0.001000
1.166618;0.534700;5.397682e-003;0.004000
1.548881;0.709904;5.397682e-003;0.001000
1.752022;0.803010;5.397682e-003;0.002000
2.334632;1.070040;5.397682e-003;0.002000
2.331840;1.068760;5.397682e-003;0.001000
2.310843;1.059136;5.397682e-003;0.001000
1.#INF00;1.#INF00;5.397682e-003;0.001000
1.772080;0.812203;5.397682e-003;0.001000
2.332398;1.069016;5.397682e-003;0.002000
2.201300;1.008929;5.397682e-003;0.002000
2.331840;1.068760;5.397682e-003;0.000000
2.324614;1.065448;5.397682e-003;0.002000
1.955435;0.896241;5.397682e-003;0.002000
0.926973;0.424863;5.397682e-003;0.002000
1.618012;0.741589;5.397682e-003;0.001000
2.313584;1.060393;5.397682e-003;0.001000
1.912109;0.876383;5.397682e-003;0.001000
2.037559;0.933881;5.397682e-003;0.001000
2.325169;1.065702;5.397682e-003;0.002000
1.550852;0.710807;5.397682e-003;0.002000
1.#INF00;1.#INF00;5.397682e-003;0.001000
2.331840;1.068760;5.397682e-003;0.002000
1.159543;0.531457;5.397682e-003;0.003000
2.331840;1.068760;5.397682e-003;0.001000
1.#INF00;1.#INF00;5.397682e-003;0.002000
2.332398;1.069016;5.397682e-003;0.000000
2.331840;1.068760;5.397682e-003;0.016000
2.313035;1.060141;5.397682e-003;0.001000
1.579488;0.723932;5.397682e-003;0.001000
2.334073;1.069783;5.397682e-003;0.001000
2.334632;1.070040;5.397682e-003;0.001000
2.002414;0.917773;5.397682e-003;0.001000
1.605492;0.735850;5.397682e-003;0.001000
2.313584;1.060393;5.397682e-003;0.002000
2.317984;1.062409;5.397682e-003;0.003000
2.332398;1.069016;5.397682e-003;0.003000
0.934166;0.428159;5.397682e-003;0.002000
1.529687;0.701107;5.397682e-003;0.001000
2.331840;1.068760;5.397682e-003;0.001000
2.317984;1.062409;5.397682e-003;0.001000
2.037559;0.933881;5.397682e-003;0.001000
1.607874;0.736942;5.397682e-003;0.002000
1.663271;0.762332;5.397682e-003;0.001000
2.334073;1.069783;5.397682e-003;0.001000
2.064738;0.946338;5.397682e-003;0.002000
2.331840;1.068760;5.397682e-003;0.000000
1.599173;0.732954;5.397682e-003;0.001000
1.166060;0.534444;5.397682e-003;0.003000
1.#INF00;1.#INF00;5.397682e-003;0.001000
4.612941;2.114265;5.397682e-003;0.001000
1.165920;0.534380;5.397682e-003;0.001000
1.#INF00;1.#INF00;5.397682e-003;0.001000
2.329612;1.067739;5.397682e-003;0.000000
1.562531;0.716160;5.397682e-003;0.001000
2.330169;1.067994;5.397682e-003;0.001000
2.331840;1.068760;5.397682e-003;0.001000
1.700690;0.779483;5.397682e-003;0.002000
2.332398;1.069016;5.397682e-003;0.001000
2.331840;1.068760;5.397682e-003;0.002000
2.100314;0.962644;5.397682e-003;0.001000
0.865592;0.396730;5.397682e-003;0.004000
0.847316;0.388353;5.397682e-003;0.003000
1.343217;0.615641;5.397682e-003;0.003000
2.320742;1.063673;5.397682e-003;0.001000
1.165363;0.534125;5.397682e-003;0.004000
2.322400;1.064433;5.397682e-003;0.002000
2.325169;1.065702;5.397682e-003;0.001000
1.731184;0.793459;5.397682e-003;0.001000
0.777032;0.356140;5.397682e-003;0.003000
2.331840;1.068760;5.397682e-003;0.002000
2.334073;1.069783;5.397682e-003;0.003000
1.076947;0.493601;5.397682e-003;0.002000
1.013485;0.464514;5.397682e-003;0.002000
2.329612;1.067739;5.397682e-003;0.001000
2.311391;1.059387;5.397682e-003;0.002000
2.320190;1.063420;5.397682e-003;0.002000
2.228973;1.021613;5.397682e-003;0.002000
2.331840;1.068760;5.397682e-003;0.001000
1.937563;0.888050;5.397682e-003;0.002000
2.313584;1.060393;5.397682e-003;0.002000
0.913599;0.418733;5.397682e-003;0.002000
1.166060;0.534444;5.397682e-003;0.001000
1.134189;0.519837;5.397682e-003;0.002000
2.237668;1.025598;5.397682e-003;0.003000
1.166060;0.534444;5.397682e-003;0.002000
1.772080;0.812203;5.397682e-003;0.001000
2.332398;1.069016;5.397682e-003;0.000000
1.163000;0.533042;5.397682e-003;0.005000
0.948984;0.434951;5.397682e-003;0.004000
1.657335;0.759612;5.397682e-003;0.003000
1.625835;0.745174;5.397682e-003;0.002000
1.882579;0.862848;5.397682e-003;0.002000
2.313035;1.060141;5.397682e-003;0.001000
1.840996;0.843790;5.397682e-003;0.002000
1.923044;0.881395;5.397682e-003;0.001000
0.969167;0.444201;5.397682e-003;0.002000
2.313035;1.060141;5.397682e-003;0.003000
1.165363;0.534125;5.397682e-003;0.003000
2.139012;0.980381;5.397682e-003;0.003000
1.719887;0.788281;5.397682e-003;0.002000
2.334073;1.069783;5.397682e-003;0.001000
2.290758;1.049931;5.397682e-003;0.001000
1.600223;0.733435;5.397682e-003;0.001000
2.317984;1.062409;5.397682e-003;0.001000
1.600223;0.733435;5.397682e-003;0.002000
2.325169;1.065702;5.397682e-003;0.002000
1.158992;0.531205;5.397682e-003;0.003000
1.540805;0.706202;5.397682e-003;0.004000
1.251348;0.573535;5.397682e-003;0.003000
2.331840;1.068760;5.397682e-003;0.002000
2.329612;1.067739;5.397682e-003;0.000000
1.792602;0.821609;5.397682e-003;0.001000
1.542755;0.707096;5.397682e-003;0.001000
1.936025;0.887345;5.397682e-003;0.002000
2.297234;1.052899;5.397682e-003;0.001000
1.681048;0.770480;5.397682e-003;0.002000
1.538860;0.705311;5.397682e-003;0.003000
2.144657;0.982968;5.397682e-003;0.002000
1.605756;0.735972;5.397682e-003;0.002000
1.166060;0.534444;5.397682e-003;0.001000
0.964756;0.442180;5.397682e-003;0.002000
0.927414;0.425065;5.397682e-003;0.002000
2.332398;1.069016;5.397682e-003;0.000000
1.132477;0.519052;5.397682e-003;0.003000
0.973229;0.446063;5.397682e-003;0.003000
1.655927;0.758967;5.397682e-003;0.002000
1.131951;0.518811;5.397682e-003;0.002000
1.171945;0.537142;5.397682e-003;0.003000
1.165363;0.534125;5.397682e-003;0.004000
0.823906;0.377624;5.397682e-003;0.004000
1.851131;0.848435;5.397682e-003;0.003000
2.077494;0.952185;5.397682e-003;0.002000
1.165363;0.534125;5.397682e-003;0.001000
1.157341;0.530448;5.397682e-003;0.002000
2.313035;1.060141;5.397682e-003;0.002000
2.331840;1.068760;5.397682e-003;0.000000
0.777094;0.356168;5.397682e-003;0.005000
1.166618;0.534700;5.397682e-003;0.004000
1.125939;0.516055;5.397682e-003;0.003000
1.608935;0.737429;5.397682e-003;0.001000
1.410028;0.646263;5.397682e-003;0.003000
1.166060;0.534444;5.397682e-003;0.002000
1.698321;0.778397;5.397682e-003;0.002000
1.140823;0.522877;5.397682e-003;0.002000
1.152690;0.528316;5.397682e-003;0.004000
1.165363;0.534125;5.397682e-003;0.003000
2.336870;1.071065;5.397682e-003;0.003000
0.797364;0.365458;5.397682e-003;0.003000
2.248503;1.030564;5.397682e-003;0.001000
1.#INF00;1.#INF00;5.397682e-003;0.002000
1.#INF00;1.#INF00;5.397682e-003;0.002000
1.676136;0.768229;5.397682e-003;0.001000
1.579488;0.723932;5.397682e-003;0.001000
2.308655;1.058133;5.397682e-003;0.002000
1.830628;0.839038;5.397682e-003;0.002000
1.610264;0.738038;5.397682e-003;0.001000
2.322953;1.064687;5.397682e-003;0.002000
1.950351;0.893911;5.397682e-003;0.002000
1.543977;0.707656;5.397682e-003;0.002000
1.968461;0.902211;5.397682e-003;0.001000
1.546916;0.709003;5.397682e-003;0.002000
1.037531;0.475535;5.397682e-003;0.002000
2.309201;1.058384;5.397682e-003;0.002000
2.315782;1.061400;5.397682e-003;0.001000
1.#INF00;1.#INF00;5.397682e-003;0.001000
1.#INF00;1.#INF00;5.397682e-003;0.001000
0.762035;0.349266;5.397682e-003;0.003000
1.157891;0.530700;5.397682e-003;0.002000
2.331840;1.068760;5.397682e-003;0.001000
2.252658;1.032468;5.397682e-003;0.002000
2.336310;1.070809;5.397682e-003;0.001000
2.235616;1.024657;5.397682e-003;0.001000
2.325169;1.065702;5.397682e-003;0.001000
2.284319;1.046979;5.397682e-003;0.002000
1.833382;0.840300;5.397682e-003;0.002000
2.331840;1.068760;5.397682e-003;0.001000
1.766623;0.809702;5.397682e-003;0.001000
2.331840;1.068760;5.397682e-003;0.001000
2.265743;1.038465;5.397682e-003;0.001000
2.334073;1.069783;5.397682e-003;0.000000
2.248503;1.030564;5.397682e-003;0.001000
0.600959;0.275439;5.397682e-003;0.004000
1.489500;0.682688;5.397682e-003;0.002000
2.313584;1.060393;5.397682e-003;0.001000
2.325169;1.065702;5.397682e-003;0.002000
1.897967;0.869902;5.397682e-003;0.001000
2.331840;1.068760;5.397682e-003;0.001000
4.330265;1.984705;5.397682e-003;0.001000
1.567555;0.718462;5.397682e-003;0.002000
1.849726;0.847791;5.397682e-003;0.001000
1.026501;0.470479;5.397682e-003;0.004000
1.304583;0.597934;5.397682e-003;0.001000
1.067983;0.489492;5.397682e-003;0.003000
0.777032;0.356140;5.397682e-003;0.004000
1.934489;0.886641;5.397682e-003;0.003000
1.162446;0.532788;5.397682e-003;0.003000
2.244363;1.028666;5.397682e-003;0.001000
1.684823;0.772211;5.397682e-003;0.002000
2.334632;1.070040;5.397682e-003;0.000000
2.311391;1.059387;5.397682e-003;0.001000
1.986911;0.910667;5.397682e-003;0.001000
1.#INF00;1.#INF00;5.397682e-003;0.002000
2.259967;1.035818;5.397682e-003;0.002000
1.589010;0.728296;5.397682e-003;0.003000
2.334073;1.069783;5.397682e-003;0.001000
4.604229;2.110272;5.397682e-003;0.002000
2.205781;1.010983;5.397682e-003;0.001000
2.334073;1.069783;5.397682e-003;0.001000
1.126980;0.516532;5.397682e-003;0.003000
1.641986;0.752577;5.397682e-003;0.001000
1.152145;0.528067;5.397682e-003;0.002000
2.231013;1.022548;5.397682e-003;0.001000
0.928120;0.425388;5.397682e-003;0.002000
2.295071;1.051908;5.397682e-003;0.002000
0.996195;0.456590;5.397682e-003;0.004000
0.828315;0.379645;5.397682e-003;0.003000
2.330169;1.067994;5.397682e-003;0.000000
1.135245;0.520321;5.397682e-003;0.003000
2.181113;0.999677;5.397682e-003;0.002000
1.166060;0.534444;5.397682e-003;0.003000
1.166060;0.534444;5.397682e-003;0.004000
1.165920;0.534380;5.397682e-003;0.003000
2.006122;0.919472;5.397682e-003;0.003000
1.167735;0.535212;5.397682e-003;0.002000
1.772080;0.812203;5.397682e-003;0.002000
2.331840;1.068760;5.397682e-003;0.000000
1.165502;0.534189;5.397682e-003;0.005000
1.245912;0.571043;5.397682e-003;0.004000
0.733877;0.336360;5.397682e-003;0.004000
2.142772;0.982104;5.397682e-003;0.002000
0.879964;0.403317;5.397682e-003;0.002000
1.736424;0.795861;5.397682e-003;0.001000
0.992747;0.455009;5.397682e-003;0.002000
0.584182;0.267750;5.397682e-003;0.005000
1.062051;0.486774;5.397682e-003;0.004000
1.584878;0.726403;5.397682e-003;0.001000
2.285925;1.047716;5.397682e-003;0.001000
2.297775;1.053147;5.397682e-003;0.002000
2.039263;0.934662;5.397682e-003;0.002000
1.960546;0.898584;5.397682e-003;0.001000
2.330169;1.067994;5.397682e-003;0.001000
2.331840;1.068760;5.397682e-003;0.000000
1.977242;0.906236;5.397682e-003;0.001000
2.341358;1.073122;5.397682e-003;0.002000
2.334073;1.069783;5.397682e-003;0.001000
2.401911;1.100876;5.397682e-003;0.000000
2.331840;1.068760;5.397682e-003;0.001000
2.334073;1.069783;5.397682e-003;0.001000
2.331840;1.068760;5.397682e-003;0.001000
2.332398;1.069016;5.397682e-003;0.001000
2.325169;1.065702;5.397682e-003;0.001000
2.002825;0.917962;5.397682e-003;0.002000
2.295071;1.051908;5.397682e-003;0.002000
1.165920;0.534380;5.397682e-003;0.001000
2.334073;1.069783;5.397682e-003;0.001000
2.197827;1.007337;5.397682e-003;0.002000
2.341920;1.073380;5.397682e-003;0.002000
2.310843;1.059136;5.397682e-003;0.002000
1.995857;0.914768;5.397682e-003;0.002000
2.315782;1.061400;5.397682e-003;0.002000
2.320190;1.063420;5.397682e-003;0.001000
2.172851;0.995890;5.397682e-003;0.001000
1.818001;0.833250;5.397682e-003;0.002000
0.989825;0.453670;5.397682e-003;0.002000
2.007774;0.920230;5.397682e-003;0.002000
2.329612;1.067739;5.397682e-003;0.000000
2.299943;1.054140;5.397682e-003;0.002000
2.315782;1.061400;5.397682e-003;0.002000
2.304290;1.056133;5.397682e-003;0.002000
2.331840;1.068760;5.397682e-003;0.000000
2.334632;1.070040;5.397682e-003;0.000000
2.334073;1.069783;5.397682e-003;0.001000
2.334632;1.070040;5.397682e-003;0.001000
