1.#INF00;1.#INF00;9.944306e-001;0.002000
1.#INF00;1.#INF00;9.801764e-001;0.003000
1.#INF00;1.#INF00;9.623062e-001;0.002000
1.#INF00;1.#INF00;9.429722e-001;0.001000
0.655967;0.300652;9.229269e-001;0.001000
1.#INF00;1.#INF00;9.026734e-001;0.002000
1.#INF00;1.#INF00;8.824172e-001;0.002000
1.042543;0.477832;8.623081e-001;0.002000
0.914259;0.419035;8.424243e-001;0.002000
1.#INF00;1.#INF00;8.228187e-001;0.002000
1.484754;0.680512;8.035269e-001;0.002000
1.624766;0.744685;7.845712e-001;0.002000
1.694132;0.776477;7.659668e-001;0.003000
1.#INF00;1.#INF00;7.477240e-001;0.003000
0.819121;0.375430;7.298479e-001;0.005000
1.833576;0.840389;7.123416e-001;0.002000
1.103385;0.505718;6.952053e-001;0.007000
1.204178;0.551915;6.784395e-001;0.005000
1.111289;0.509341;6.620420e-001;0.005000
1.787910;0.819459;6.460094e-001;0.003000
2.846745;1.304758;6.303379e-001;0.003000
2.931768;1.343727;6.150230e-001;0.002000
1.550948;0.710851;6.000598e-001;0.003000
1.358004;0.622418;5.854428e-001;0.003000
1.622624;0.743703;5.711663e-001;0.003000
2.483888;1.138449;5.572246e-001;0.002000
1.218672;0.558558;5.436115e-001;0.005000
1.719760;0.788223;5.303209e-001;0.004000
3.903185;1.788960;5.173466e-001;0.003000
1.846807;0.846453;5.046821e-001;0.004000
4.197313;1.923768;4.923214e-001;0.002000
1.293780;0.592983;4.802579e-001;0.004000
4.333401;1.986142;4.684855e-001;0.003000
3.053911;1.399709;4.569978e-001;0.003000
2.227753;1.021053;4.457888e-001;0.003000
2.051562;0.940299;4.348522e-001;0.006000
2.311402;1.059393;4.241819e-001;0.003000
4.402861;2.017978;4.137721e-001;0.003000
2.398502;1.099314;4.036167e-001;0.002000
3.595118;1.647762;3.937100e-001;0.003000
2.663547;1.220792;3.840462e-001;0.003000
2.826780;1.295608;3.746196e-001;0.003000
2.271898;1.041287;3.654249e-001;0.004000
2.977314;1.364602;3.564564e-001;0.004000
2.468552;1.131420;3.477089e-001;0.003000
2.032670;0.931640;3.391772e-001;0.006000
3.142756;1.440430;3.308690e-001;0.004000
3.022586;1.385352;3.227850e-001;0.003000
2.817356;1.291288;3.149006e-001;0.004000
3.211383;1.471884;3.072110e-001;0.004000
3.119562;1.429799;2.997116e-001;0.004000
2.066537;0.947163;2.923976e-001;0.005000
3.155983;1.446492;2.852646e-001;0.004000
2.416158;1.107406;2.783082e-001;0.004000
3.588696;1.644819;2.715240e-001;0.003000
2.531652;1.160340;2.649079e-001;0.003000
2.487872;1.140275;2.584557e-001;0.005000
2.618723;1.200248;2.521634e-001;0.003000
2.453737;1.124630;2.460271e-001;0.004000
3.493097;1.601003;2.400429e-001;0.004000
1.988606;0.911444;2.342071e-001;0.006000
2.561197;1.173882;2.285159e-001;0.005000
2.557906;1.172374;2.229659e-001;0.004000
3.698590;1.695187;2.175536e-001;0.004000
2.802697;1.284569;2.122754e-001;0.004000
2.233653;1.023758;2.071281e-001;0.005000
2.928178;1.342082;2.021085e-001;0.004000
1.457811;0.668163;1.972134e-001;0.008000
3.114384;1.427426;1.924396e-001;0.004000
3.156249;1.446614;1.877841e-001;0.003000
2.661706;1.219948;1.832441e-001;0.005000
2.318244;1.062528;1.788166e-001;0.005000
3.170824;1.453294;1.744988e-001;0.005000
2.406173;1.102829;1.702880e-001;0.006000
2.799244;1.282987;1.661815e-001;0.005000
2.571471;1.178591;1.621767e-001;0.005000
3.013949;1.381393;1.582710e-001;0.005000
2.639772;1.209895;1.544621e-001;0.005000
2.568605;1.177277;1.507474e-001;0.005000
2.604259;1.193619;1.471246e-001;0.006000
2.149237;0.985067;1.435914e-001;0.006000
2.688221;1.232101;1.401455e-001;0.006000
1.913722;0.877122;1.367849e-001;0.007000
2.218339;1.016739;1.335073e-001;0.005000
3.698013;1.694923;1.303106e-001;0.005000
2.686224;1.231186;1.271929e-001;0.006000
2.526262;1.157870;1.241521e-001;0.007000
2.867488;1.314265;1.211864e-001;0.006000
2.540689;1.164482;1.182938e-001;0.006000
3.046801;1.396450;1.154725e-001;0.005000
2.939027;1.347054;1.127207e-001;0.005000
3.094894;1.418493;1.100367e-001;0.006000
2.517545;1.153875;1.074188e-001;0.006000
2.529499;1.159354;1.048653e-001;0.006000
2.556773;1.171854;1.023746e-001;0.007000
2.419791;1.109071;9.994520e-002;0.007000
2.626831;1.203964;9.757545e-002;0.004000
2.498678;1.145227;9.526390e-002;0.006000
2.680608;1.228612;9.300909e-002;0.007000
2.226976;1.020698;9.080961e-002;0.007000
2.650108;1.214633;8.866405e-002;0.007000
3.179322;1.457189;8.657108e-002;0.006000
2.665286;1.221590;8.452938e-002;0.007000
2.624712;1.202993;8.253765e-002;0.006000
2.737053;1.254482;8.059466e-002;0.007000
2.781817;1.275000;7.869917e-002;0.006000
2.343780;1.074233;7.685000e-002;0.007000
2.612927;1.197592;7.504598e-002;0.007000
2.659966;1.219151;7.328600e-002;0.006000
2.305928;1.056884;7.156894e-002;0.008000
1.586522;0.727156;6.989374e-002;0.010000
0.853079;0.390994;6.825934e-002;0.021000
0.805135;0.369020;6.666473e-002;0.024000
0.896906;0.411082;6.510891e-002;0.021000
3.017590;1.383062;6.359091e-002;0.007000
2.881330;1.320610;6.210979e-002;0.007000
2.244893;1.028909;6.066462e-002;0.008000
2.662175;1.220163;5.925451e-002;0.008000
2.684629;1.230455;5.787858e-002;0.008000
3.025142;1.386524;5.653599e-002;0.006000
0.934553;0.428337;5.522589e-002;0.020000
2.390814;1.095790;5.394748e-002;0.009000
2.686872;1.231483;5.269996e-002;0.008000
1.144218;0.524433;5.148258e-002;0.019000
2.403194;1.101464;5.029457e-002;0.008000
1.810376;0.829756;4.916147e-002;0.011000
2.284205;1.046927;4.805748e-002;0.009000
2.609078;1.195827;4.698515e-002;0.008000
2.432928;1.115092;4.593968e-002;0.008000
2.501786;1.146652;4.491881e-002;0.009000
3.220155;1.475904;4.392712e-002;0.006000
2.809868;1.287856;4.295908e-002;0.008000
2.402959;1.101356;4.201660e-002;0.009000
2.626340;1.203739;4.109751e-002;0.006000
2.788908;1.278250;4.020268e-002;0.007000
2.768856;1.269059;3.933050e-002;0.007000
2.060499;0.944395;3.847891e-002;0.011000
2.668712;1.223160;3.764696e-002;0.007000
2.551665;1.169513;3.683416e-002;0.008000
2.707759;1.241056;3.604005e-002;0.009000
3.165685;1.450939;3.526418e-002;0.009000
2.135699;0.978862;3.450612e-002;0.009000
2.571244;1.178487;3.376542e-002;0.008000
1.994259;0.914035;3.304167e-002;0.012000
2.629668;1.205265;3.233446e-002;0.008000
3.100541;1.421081;3.164339e-002;0.007000
2.845090;1.304000;3.096808e-002;0.008000
2.862488;1.311974;3.030814e-002;0.007000
2.326250;1.066198;2.966320e-002;0.010000
2.775915;1.272294;2.903291e-002;0.008000
2.920112;1.338385;2.841690e-002;0.009000
2.409022;1.104135;2.781485e-002;0.011000
2.477220;1.135393;2.722641e-002;0.009000
1.495140;0.685273;2.665126e-002;0.015000
2.993173;1.371871;2.608908e-002;0.009000
3.015878;1.382277;2.553956e-002;0.008000
2.919867;1.338272;2.500239e-002;0.010000
3.269423;1.498486;2.447729e-002;0.008000
2.690456;1.233126;2.396397e-002;0.009000
2.909811;1.333663;2.346214e-002;0.008000
2.748860;1.259894;2.297153e-002;0.008000
2.608840;1.195718;2.249187e-002;0.009000
2.451868;1.123773;2.202291e-002;0.011000
2.682009;1.229254;2.156438e-002;0.009000
2.935222;1.345310;2.111605e-002;0.011000
2.593735;1.188795;2.067767e-002;0.010000
2.222915;1.018836;2.024901e-002;0.012000
2.488993;1.140788;1.982983e-002;0.010000
1.595895;0.731452;1.941991e-002;0.017000
2.874098;1.317295;1.902392e-002;0.010000
2.801907;1.284207;1.863897e-002;0.010000
2.910431;1.333947;1.826237e-002;0.010000
2.093835;0.959674;1.789392e-002;0.011000
2.617262;1.199578;1.753344e-002;0.012000
2.697806;1.236495;1.718074e-002;0.011000
2.586000;1.185250;1.683563e-002;0.011000
1.110675;0.509060;1.649795e-002;0.025000
2.677429;1.227155;1.616752e-002;0.011000
2.677887;1.227365;1.584417e-002;0.011000
2.796356;1.281663;1.552773e-002;0.009000
2.549068;1.168323;1.521806e-002;0.012000
2.392377;1.096506;1.491499e-002;0.013000
2.387179;1.094124;1.461837e-002;0.012000
2.036563;0.933425;1.432805e-002;0.013000
2.694188;1.234836;1.404389e-002;0.010000
2.405641;1.102586;1.376574e-002;0.012000
2.812804;1.289202;1.349348e-002;0.010000
2.842115;1.302636;1.322695e-002;0.010000
2.128900;0.975746;1.296604e-002;0.013000
2.623486;1.202431;1.271061e-002;0.011000
2.299354;1.053871;1.246054e-002;0.012000
2.173414;0.996148;1.221571e-002;0.013000
2.517162;1.153699;1.197600e-002;0.012000
2.387395;1.094223;1.174129e-002;0.013000
1.389323;0.636773;1.151146e-002;0.022000
2.043854;0.936767;1.128641e-002;0.016000
2.335731;1.070543;1.106603e-002;0.014000
2.233297;1.023594;1.085022e-002;0.015000
2.101454;0.963167;1.063886e-002;0.014000
2.593167;1.188535;1.043187e-002;0.011000
2.266909;1.039000;1.022914e-002;0.013000
1.536501;0.704230;1.003057e-002;0.021000
2.890241;1.324694;9.836078e-003;0.011000
1.730348;0.793076;9.645565e-003;0.017000
2.343766;1.074226;9.458946e-003;0.015000
3.098268;1.420040;9.276131e-003;0.011000
3.093669;1.417931;9.097037e-003;0.013000
2.224330;1.019485;8.922691e-003;0.013000
2.187028;1.002388;8.755173e-003;0.014000
2.559319;1.173021;8.590971e-003;0.012000
2.283713;1.046702;8.430015e-003;0.013000
2.512053;1.151358;8.272232e-003;0.014000
2.711432;1.242740;8.117555e-003;0.012000
2.236044;1.024853;7.965916e-003;0.014000
2.832011;1.298005;7.817249e-003;0.012000
2.925979;1.341074;7.671490e-003;0.013000
1.596820;0.731876;7.528575e-003;0.020000
2.633577;1.207056;7.388444e-003;0.014000
2.973731;1.362960;7.251037e-003;0.011000
2.900639;1.329459;7.116294e-003;0.011000
2.301202;1.054718;6.984160e-003;0.014000
2.467916;1.131128;6.854578e-003;0.015000
2.774910;1.271834;6.727493e-003;0.012000
2.625238;1.203234;6.602853e-003;0.013000
3.230683;1.480730;6.480604e-003;0.011000
2.781011;1.274630;6.360697e-003;0.012000
2.705988;1.240245;6.243082e-003;0.341000
1.681787;0.770819;6.127709e-003;0.019000
2.683171;1.229787;6.014532e-003;0.013000
1.625050;0.744815;5.903504e-003;0.021000
1.688409;0.773854;5.794580e-003;0.020000
1.766094;0.809460;5.687716e-003;0.021000
1.851389;0.848553;5.585736e-003;0.019000
1.403864;0.643438;5.486181e-003;0.025000
1.464272;0.671125;5.388444e-003;0.023000
1.915246;0.877821;5.292488e-003;0.019000
1.583742;0.725882;5.198278e-003;0.022000
1.659438;0.760576;5.105778e-003;0.021000
2.017069;0.924490;5.014953e-003;0.016000
2.399284;1.099672;4.925769e-003;0.014000
2.465521;1.130031;4.838194e-003;0.016000
2.084741;0.955506;4.752194e-003;0.016000
1.980000;0.907500;4.667739e-003;0.017000
1.956059;0.896527;4.584797e-003;0.019000
2.413686;1.106273;4.503338e-003;0.014000
2.452900;1.124246;4.423333e-003;0.014000
1.978456;0.906793;4.344752e-003;0.018000
1.974873;0.905150;4.267567e-003;0.019000
1.755613;0.804656;4.192511e-003;0.021000
2.331935;1.068803;4.121016e-003;0.016000
2.189386;1.003469;4.050741e-003;0.015000
2.559236;1.172983;3.981661e-003;0.015000
2.140200;0.980925;3.913755e-003;0.017000
1.527672;0.700183;3.846999e-003;0.024000
1.726252;0.791199;3.781373e-003;0.022000
2.060339;0.944322;3.716855e-003;0.018000
2.278221;1.044185;3.653424e-003;0.016000
2.155447;0.987913;3.591059e-003;0.018000
1.356236;0.621608;3.529741e-003;0.029000
1.736680;0.795978;3.469451e-003;0.023000
2.131574;0.976972;3.411150e-003;0.018000
1.627333;0.745861;3.355639e-003;0.023000
1.492875;0.684234;3.301016e-003;0.027000
2.473975;1.133905;3.247263e-003;0.015000
2.029557;0.930214;3.194366e-003;0.018000
1.958131;0.897477;3.142310e-003;0.018000
1.871896;0.857952;3.091079e-003;0.021000
2.281816;1.045833;3.040660e-003;0.018000
2.638423;1.209277;2.991038e-003;0.016000
2.069250;0.948406;2.942948e-003;0.019000
2.933335;1.344445;2.897557e-003;0.015000
2.543976;1.165989;2.852846e-003;0.015000
2.140508;0.981066;2.808804e-003;0.020000
2.521122;1.155514;2.765419e-003;0.017000
2.454888;1.125157;2.722682e-003;0.017000
1.973927;0.904717;2.680581e-003;0.020000
2.372321;1.087314;2.639106e-003;0.018000
2.413040;1.105977;2.600575e-003;0.016000
2.407915;1.103628;2.562861e-003;0.017000
2.495902;1.143955;2.525675e-003;0.017000
2.531034;1.160057;2.489009e-003;0.016000
2.392526;1.096574;2.452855e-003;0.018000
2.928478;1.342219;2.417206e-003;0.015000
2.451105;1.123423;2.383183e-003;0.018000
2.669267;1.223414;2.350979e-003;0.015000
2.726711;1.249742;2.319194e-003;0.016000
2.909415;1.333482;2.287823e-003;0.015000
2.438206;1.117511;2.256859e-003;0.016000
2.315300;1.061179;2.226299e-003;0.019000
2.164777;0.992190;2.197094e-003;0.020000
2.081232;0.953898;2.169641e-003;0.020000
2.221857;1.018351;2.142519e-003;0.020000
2.326607;1.066362;2.117116e-003;0.020000
2.345864;1.075188;2.093591e-003;0.017000
2.368126;1.085391;2.071997e-003;0.018000
2.327451;1.066748;2.050606e-003;0.018000
2.733504;1.252856;2.029417e-003;0.016000
2.516432;1.153365;2.008431e-003;0.019000
2.243257;1.028159;1.987646e-003;0.019000
2.093018;0.959300;1.967062e-003;0.022000
2.367719;1.085205;1.946679e-003;0.018000
2.641892;1.210867;1.927999e-003;0.017000
2.534988;1.161870;1.909822e-003;0.018000
2.753795;1.262156;1.891801e-003;0.017000
2.745548;1.258376;1.873936e-003;0.017000
2.065403;0.946643;1.856228e-003;0.021000
1.934701;0.886738;1.838677e-003;0.023000
2.517999;1.154083;1.821281e-003;0.017000
2.687475;1.231760;1.804042e-003;0.017000
2.614334;1.198236;1.786960e-003;0.019000
2.886945;1.323183;1.771294e-003;0.015000
2.575841;1.180594;1.756024e-003;0.017000
2.606903;1.194831;1.740877e-003;0.019000
2.790454;1.278958;1.725854e-003;0.017000
2.762958;1.266356;1.710955e-003;0.017000
2.413719;1.106288;1.696180e-003;0.020000
3.000188;1.375086;1.681530e-003;0.017000
2.189517;1.003528;1.667005e-003;0.022000
2.151739;0.986214;1.652604e-003;0.022000
2.485036;1.138975;1.638328e-003;0.018000
2.844269;1.303623;1.624177e-003;0.016000
2.544503;1.166231;1.610362e-003;0.018000
2.270745;1.040758;1.597664e-003;0.021000
2.336044;1.070687;1.585067e-003;0.021000
2.488944;1.140766;1.572571e-003;0.018000
2.153120;0.986847;1.560177e-003;0.021000
2.316815;1.061874;1.547886e-003;0.019000
2.760584;1.265267;1.535696e-003;0.017000
2.420042;1.109186;1.523609e-003;0.018000
2.480898;1.137078;1.511625e-003;0.020000
2.954606;1.354194;1.499743e-003;0.017000
2.621659;1.201594;1.487965e-003;0.019000
2.893989;1.326411;1.476289e-003;0.017000
2.825698;1.295112;1.464716e-003;0.018000
2.379003;1.090376;1.453246e-003;0.027000
2.479521;1.136447;1.441878e-003;0.021000
2.790417;1.278941;1.430613e-003;0.018000
2.463807;1.129245;1.419565e-003;0.021000
2.567615;1.176823;1.409400e-003;0.019000
1.670124;0.765474;1.399321e-003;0.029000
2.026541;0.928831;1.389329e-003;0.025000
2.168326;0.993816;1.379422e-003;0.023000
2.517398;1.153807;1.369603e-003;0.020000
3.021070;1.384657;1.359869e-003;0.017000
2.526836;1.158133;1.350223e-003;0.020000
2.465809;1.130163;1.340662e-003;0.021000
2.253029;1.032638;1.331188e-003;0.022000
2.535493;1.162101;1.321800e-003;0.019000
2.720765;1.247017;1.312497e-003;0.018000
2.143655;0.982508;1.303281e-003;0.023000
2.181349;0.999785;1.294150e-003;0.023000
2.566850;1.176473;1.285105e-003;0.020000
2.200832;1.008715;1.276145e-003;0.023000
2.520982;1.155450;1.267270e-003;0.021000
1.971653;0.903674;1.258479e-003;0.025000
2.587920;1.186130;1.249773e-003;0.020000
2.167142;0.993273;1.241151e-003;0.024000
2.155946;0.988142;1.232613e-003;0.024000
2.458658;1.126885;1.224158e-003;0.021000
2.402961;1.101357;1.215787e-003;0.022000
2.123536;0.973287;1.207498e-003;0.024000
1.743924;0.799299;1.199656e-003;0.031000
1.979848;0.907430;1.192139e-003;0.027000
2.469484;1.131847;1.184694e-003;0.020000
2.101737;0.963296;1.177320e-003;0.025000
2.537878;1.163194;1.170018e-003;0.019000
2.365257;1.084076;1.162787e-003;0.021000
2.551621;1.169493;1.155626e-003;0.021000
2.678949;1.227852;1.148537e-003;0.020000
2.503890;1.147616;1.141517e-003;0.022000
2.353639;1.078751;1.134568e-003;0.022000
2.200794;1.008697;1.127688e-003;0.024000
2.404255;1.101950;1.120877e-003;0.023000
1.703910;0.780959;1.114135e-003;0.032000
1.246400;0.571266;1.107462e-003;0.044000
1.222954;0.560521;1.100857e-003;0.044000
1.718034;0.787432;1.094319e-003;0.032000
1.370484;0.628138;1.087849e-003;0.039000
1.624342;0.744490;1.081446e-003;0.035000
1.799995;0.824998;1.075109e-003;0.031000
1.603231;0.734814;1.068838e-003;0.034000
1.854696;0.850069;1.062633e-003;0.031000
1.807311;0.828351;1.056493e-003;0.031000
1.984853;0.909724;1.050418e-003;0.028000
1.668113;0.764552;1.044408e-003;0.032000
1.716121;0.786555;1.038461e-003;0.032000
1.250479;0.573136;1.032578e-003;0.044000
2.387421;1.094235;1.026757e-003;0.024000
2.639345;1.209700;1.021000e-003;0.022000
2.609668;1.196098;1.015304e-003;0.021000
2.597177;1.190373;1.009670e-003;0.022000
2.229435;1.021824;1.004097e-003;0.025000
2.443143;1.119774;9.985848e-004;0.021000
2.181538;0.999872;9.931328e-004;0.025000
1.959174;0.897955;9.877405e-004;0.031000
2.365269;1.084082;9.824075e-004;0.022000
1.079825;0.494920;9.771333e-004;0.051000
1.022922;0.468839;9.719173e-004;0.057000
2.664098;1.221045;9.667609e-004;0.022000
1.513329;0.693609;9.620222e-004;0.040000
2.324682;1.065479;9.573353e-004;0.026000
2.394338;1.097405;9.526996e-004;0.024000
2.483118;1.138096;9.481149e-004;0.022000
2.566587;1.176352;9.435806e-004;0.023000
2.109537;0.966871;9.390964e-004;0.027000
2.250931;1.031677;9.346619e-004;0.025000
2.638306;1.209224;9.302766e-004;0.022000
1.904176;0.872747;9.259402e-004;0.031000
2.181895;1.000035;9.216522e-004;0.027000
1.917271;0.878749;9.174122e-004;0.030000
2.464116;1.129386;9.132198e-004;0.024000
2.530834;1.159965;9.090746e-004;0.023000
1.524448;0.698705;9.049761e-004;0.038000
1.969913;0.902877;9.009240e-004;0.030000
2.746060;1.258611;8.969178e-004;0.022000
2.559375;1.173047;8.929571e-004;0.024000
2.690961;1.233357;8.890415e-004;0.023000
2.521113;1.155510;8.851706e-004;0.024000
2.564957;1.175605;8.813440e-004;0.024000
2.510843;1.150803;8.775613e-004;0.025000
2.232137;1.023063;8.738219e-004;0.026000
2.319988;1.063328;8.701257e-004;0.028000
2.310434;1.058949;8.664720e-004;0.026000
2.368420;1.085526;8.628606e-004;0.026000
2.295648;1.052172;8.592910e-004;0.027000
2.290779;1.049940;8.557628e-004;0.027000
2.386072;1.093616;8.522756e-004;0.025000
1.844415;0.845357;8.488291e-004;0.033000
2.601646;1.192421;8.454227e-004;0.024000
2.395884;1.098114;8.420562e-004;0.027000
2.079745;0.953216;8.387291e-004;0.030000
2.489333;1.140944;8.354410e-004;0.025000
2.548178;1.167915;8.321915e-004;0.023000
2.609110;1.195842;8.289803e-004;0.024000
2.457232;1.126231;8.258069e-004;0.025000
2.573000;1.179291;8.226710e-004;0.024000
2.589778;1.186982;8.195722e-004;0.024000
2.729185;1.250876;8.165101e-004;0.023000
2.528049;1.158689;8.134843e-004;0.024000
2.198276;1.007543;8.104945e-004;0.029000
2.657230;1.217897;8.075402e-004;0.024000
2.507355;1.149204;8.046212e-004;0.025000
2.927471;1.341758;8.017369e-004;0.021000
2.249421;1.030985;7.988872e-004;0.029000
2.345853;1.075183;7.960715e-004;0.028000
2.067010;0.947380;7.932896e-004;0.030000
2.464583;1.129601;7.905411e-004;0.024000
1.107083;0.507413;7.878256e-004;0.059000
2.704312;1.239476;7.851427e-004;0.024000
2.591842;1.187927;7.824922e-004;0.025000
2.719540;1.246456;7.798736e-004;0.023000
2.687025;1.231553;7.772867e-004;0.025000
2.646240;1.212860;7.747310e-004;0.026000
1.407409;0.645062;7.722063e-004;0.046000
2.414869;1.106815;7.697122e-004;0.029000
2.223095;1.018918;7.672483e-004;0.030000
1.142734;0.523753;7.648144e-004;0.057000
2.583238;1.183984;7.624101e-004;0.027000
2.533015;1.160965;7.600350e-004;0.026000
2.640414;1.210190;7.576889e-004;0.023000
2.672049;1.224689;7.553714e-004;0.024000
2.650443;1.214786;7.530822e-004;0.025000
2.564939;1.175597;7.508714e-004;0.025000
2.769352;1.269286;7.487315e-004;0.024000
2.639176;1.209623;7.466178e-004;0.026000
2.726681;1.249729;7.445299e-004;0.024000
2.470130;1.132143;7.424675e-004;0.026000
2.676107;1.226549;7.404304e-004;0.025000
2.589993;1.187080;7.384183e-004;0.026000
2.484629;1.138788;7.364309e-004;0.026000
2.584653;1.184633;7.344680e-004;0.025000
2.529276;1.159252;7.325291e-004;0.027000
2.484621;1.138785;7.306141e-004;0.027000
2.604169;1.193578;7.287228e-004;0.025000
2.459915;1.127461;7.268547e-004;0.028000
2.159352;0.989703;7.250097e-004;0.032000
2.686362;1.231249;7.231875e-004;0.024000
2.830622;1.297369;7.213878e-004;0.025000
2.405604;1.102569;7.196104e-004;0.030000
1.964361;0.900332;7.178550e-004;0.035000
1.544202;0.707759;7.161214e-004;0.043000
2.186343;1.002074;7.144093e-004;0.030000
2.254041;1.033102;7.127184e-004;0.030000
2.419278;1.108836;7.110485e-004;0.029000
2.613159;1.197698;7.093994e-004;0.027000
2.486746;1.139759;7.077708e-004;0.026000
2.500766;1.146185;7.061625e-004;0.028000
2.032398;0.931516;7.045743e-004;0.034000
2.671056;1.224234;7.030058e-004;0.027000
2.550496;1.168978;7.014570e-004;0.027000
2.835139;1.299439;6.999274e-004;0.025000
2.620528;1.201075;6.984170e-004;0.026000
2.513772;1.152146;6.969255e-004;0.027000
2.659727;1.219041;6.954526e-004;0.027000
2.334166;1.069826;6.939982e-004;0.032000
2.634151;1.207319;6.925620e-004;0.027000
1.206203;0.552843;6.911438e-004;0.058000
2.355315;1.079520;6.897760e-004;0.030000
2.300796;1.054532;6.884341e-004;0.031000
1.203380;0.551549;6.871090e-004;0.060000
2.323832;1.065090;6.858005e-004;0.031000
2.507503;1.149272;6.845085e-004;0.029000
2.369759;1.086139;6.832327e-004;0.032000
2.455709;1.125533;6.819729e-004;0.029000
2.163460;0.991586;6.807289e-004;0.032000
2.507991;1.149496;6.795006e-004;0.028000
1.774887;0.813490;6.782877e-004;0.041000
1.364503;0.625397;6.770901e-004;0.055000
2.630748;1.205760;6.759076e-004;0.028000
2.655331;1.217027;6.747401e-004;0.029000
2.705086;1.239831;6.735872e-004;0.027000
2.583733;1.184211;6.724489e-004;0.028000
2.601321;1.192272;6.713249e-004;0.028000
2.508124;1.149557;6.702152e-004;0.029000
1.478155;0.677488;6.691195e-004;0.050000
2.786283;1.277046;6.680376e-004;0.026000
2.358897;1.081161;6.669695e-004;0.031000
2.526097;1.157795;6.659148e-004;0.030000
2.201154;1.008862;6.648735e-004;0.034000
1.589996;0.728748;6.638454e-004;0.047000
2.570257;1.178034;6.628304e-004;0.028000
2.608554;1.195587;6.618282e-004;0.029000
2.025504;0.928356;6.608387e-004;0.036000
2.955495;1.354602;6.598618e-004;0.026000
2.675228;1.226146;6.588973e-004;0.027000
2.486704;1.139739;6.579451e-004;0.029000
2.478581;1.136016;6.570049e-004;0.031000
2.715736;1.244713;6.560767e-004;0.027000
2.278275;1.044209;6.551604e-004;0.033000
2.434908;1.116000;6.542556e-004;0.030000
2.420219;1.109267;6.533625e-004;0.031000
2.406741;1.103090;6.524806e-004;0.031000
2.417930;1.108218;6.516101e-004;0.030000
2.477406;1.135478;6.507506e-004;0.031000
2.748196;1.259590;6.499021e-004;0.027000
2.520198;1.155091;6.490644e-004;0.031000
2.692280;1.233962;6.482374e-004;0.029000
2.315257;1.061160;6.474209e-004;0.031000
2.331094;1.068418;6.466149e-004;0.033000
2.566368;1.176252;6.458192e-004;0.029000
2.464310;1.129475;6.450336e-004;0.031000
2.374869;1.088482;6.442581e-004;0.033000
2.631762;1.206224;6.434925e-004;0.031000
2.354517;1.079154;6.427367e-004;0.033000
2.278150;1.044152;6.419906e-004;0.033000
2.661887;1.220031;6.412541e-004;0.030000
2.517912;1.154043;6.405269e-004;0.032000
2.552101;1.169713;6.398091e-004;0.030000
2.663327;1.220691;6.391005e-004;0.030000
2.446537;1.121330;6.384010e-004;0.031000
1.905012;0.873130;6.377104e-004;0.041000
2.676344;1.226658;6.370287e-004;0.029000
2.234107;1.023966;6.363557e-004;0.037000
2.424316;1.111145;6.356914e-004;0.032000
2.254816;1.033457;6.350356e-004;0.034000
2.431565;1.114467;6.343883e-004;0.032000
2.120744;0.972008;6.337492e-004;0.037000
2.214817;1.015124;6.331184e-004;0.037000
2.483957;1.138480;6.324956e-004;0.032000
2.455088;1.125249;6.318809e-004;0.033000
2.760039;1.265018;6.312741e-004;0.030000
2.484614;1.138781;6.306751e-004;0.032000
1.787770;0.819395;6.300838e-004;0.046000
2.318513;1.062652;6.295001e-004;0.035000
2.184966;1.001443;6.289239e-004;0.036000
2.145863;0.983520;6.283552e-004;0.038000
2.165473;0.992508;6.277937e-004;0.035000
1.840390;0.843512;6.272395e-004;0.043000
1.933039;0.885976;6.266925e-004;0.041000
2.478264;1.135871;6.261524e-004;0.033000
2.229948;1.022059;6.256194e-004;0.036000
1.999273;0.916333;6.250932e-004;0.041000
2.045779;0.937649;6.245738e-004;0.038000
1.970096;0.902961;6.240612e-004;0.041000
2.426698;1.112237;6.235551e-004;0.035000
2.155745;0.988050;6.230556e-004;0.037000
1.831918;0.839629;6.225625e-004;0.044000
2.017479;0.924678;6.220757e-004;0.040000
1.885895;0.864369;6.215953e-004;0.042000
2.112164;0.968075;6.211211e-004;0.039000
2.088923;0.957423;6.206530e-004;0.039000
1.364796;0.625532;6.201909e-004;0.059000
1.421105;0.651340;6.197348e-004;0.058000
2.411374;1.105213;6.192847e-004;0.034000
1.984146;0.909400;6.188403e-004;0.043000
2.126792;0.974779;6.184017e-004;0.039000
2.187645;1.002671;6.179687e-004;0.038000
2.296941;1.052764;6.175414e-004;0.038000
2.085155;0.955696;6.171196e-004;0.039000
2.164927;0.992258;6.167032e-004;0.039000
2.684377;1.230340;6.162923e-004;0.030000
2.579065;1.182071;6.158866e-004;0.032000
2.610983;1.196700;6.154863e-004;0.032000
2.642696;1.211236;6.150911e-004;0.032000
2.563906;1.175123;6.147010e-004;0.033000
2.613280;1.197753;6.143159e-004;0.033000
2.584996;1.184790;6.139359e-004;0.033000
2.791017;1.279216;6.135608e-004;0.030000
2.339507;1.072274;6.131905e-004;0.036000
2.701892;1.238367;6.128251e-004;0.032000
2.623602;1.202484;6.124644e-004;0.032000
2.605391;1.194137;6.121083e-004;0.032000
2.693658;1.234593;6.117569e-004;0.031000
2.754162;1.262324;6.114101e-004;0.031000
2.590398;1.187266;6.110677e-004;0.033000
2.457343;1.126282;6.107298e-004;0.034000
2.646632;1.213040;6.103963e-004;0.033000
2.473175;1.133539;6.100671e-004;0.034000
2.363922;1.083464;6.097422e-004;0.036000
2.575850;1.180598;6.094214e-004;0.033000
2.407968;1.103652;6.091049e-004;0.037000
2.399234;1.099649;6.087925e-004;0.036000
2.769950;1.269560;6.084841e-004;0.032000
2.790726;1.279083;6.081797e-004;0.031000
2.582098;1.183462;6.078793e-004;0.033000
2.195703;1.006364;6.075828e-004;0.039000
2.195894;1.006451;6.072901e-004;0.040000
2.574061;1.179778;6.070013e-004;0.034000
2.726776;1.249772;6.067162e-004;0.033000
2.487376;1.140047;6.064348e-004;0.035000
2.512734;1.151670;6.061571e-004;0.034000
2.518976;1.154531;6.058829e-004;0.035000
2.530156;1.159655;6.056124e-004;0.034000
2.120575;0.971930;6.053454e-004;0.040000
2.571309;1.178517;6.050818e-004;0.034000
2.653705;1.216281;6.048217e-004;0.034000
2.364718;1.083829;6.045649e-004;0.036000
2.694847;1.235138;6.043115e-004;0.032000
2.385656;1.093426;6.040614e-004;0.037000
2.615079;1.198578;6.038145e-004;0.035000
2.850694;1.306568;6.035709e-004;0.032000
2.378790;1.090279;6.033304e-004;0.037000
2.236057;1.024859;6.030931e-004;0.040000
1.002296;0.459386;6.028588e-004;0.087000
2.017624;0.924744;6.026276e-004;0.045000
2.397112;1.098676;6.023994e-004;0.038000
1.425576;0.653389;6.021742e-004;0.064000
1.939595;0.888981;6.019519e-004;0.046000
2.561678;1.174102;6.017325e-004;0.036000
2.801542;1.284040;6.015160e-004;0.032000
2.644474;1.212051;6.013023e-004;0.034000
2.296256;1.052451;6.010913e-004;0.038000
2.487406;1.140061;6.008832e-004;0.037000
2.715008;1.244379;6.006777e-004;0.033000
2.707713;1.241035;6.004749e-004;0.032000
2.720544;1.246916;6.002748e-004;0.033000
2.419263;1.108829;6.000772e-004;0.038000
2.582436;1.183617;5.998823e-004;0.036000
2.715486;1.244598;5.996899e-004;0.033000
2.406359;1.102914;5.994999e-004;0.039000
2.480178;1.136748;5.993125e-004;0.038000
2.642058;1.210943;5.991275e-004;0.035000
2.506534;1.148828;5.989449e-004;0.037000
2.212620;1.014117;5.987647e-004;0.041000
2.386639;1.093876;5.985869e-004;0.039000
2.690986;1.233369;5.984114e-004;0.035000
2.599350;1.191369;5.982381e-004;0.036000
2.641063;1.210487;5.980672e-004;0.036000
2.541141;1.164690;5.978984e-004;0.036000
2.692744;1.234174;5.977319e-004;0.035000
2.774634;1.271707;5.975675e-004;0.034000
2.623219;1.202309;5.974053e-004;0.036000
2.470184;1.132168;5.972452e-004;0.037000
2.795579;1.281307;5.970871e-004;0.034000
2.682164;1.229325;5.969312e-004;0.035000
2.520266;1.155122;5.967773e-004;0.038000
2.756277;1.263294;5.966254e-004;0.034000
2.661036;1.219642;5.964754e-004;0.035000
2.672446;1.224871;5.963275e-004;0.037000
2.544671;1.166307;5.961814e-004;0.037000
2.606013;1.194423;5.960373e-004;0.035000
2.534367;1.161585;5.958950e-004;0.037000
2.721681;1.247437;5.957547e-004;0.034000
2.596736;1.190171;5.956161e-004;0.037000
2.116289;0.969966;5.954793e-004;0.045000
2.529103;1.159172;5.953444e-004;0.038000
2.656667;1.217639;5.952112e-004;0.035000
1.869905;0.857040;5.950797e-004;0.053000
2.486569;1.139678;5.949500e-004;0.038000
2.538232;1.163356;5.948219e-004;0.037000
2.451279;1.123503;5.946956e-004;0.039000
2.858504;1.310148;5.945708e-004;0.035000
2.682089;1.229291;5.944477e-004;0.036000
2.605305;1.194098;5.943262e-004;0.036000
2.692464;1.234046;5.942063e-004;0.036000
2.731146;1.251775;5.940880e-004;0.035000
2.454867;1.125148;5.939712e-004;0.040000
2.540958;1.164606;5.938560e-004;0.037000
2.388561;1.094757;5.937422e-004;0.040000
2.581549;1.183210;5.936300e-004;0.038000
2.084582;0.955433;5.935192e-004;0.045000
1.878389;0.860928;5.934098e-004;0.051000
2.756960;1.263607;5.933019e-004;0.036000
2.555982;1.171492;5.931954e-004;0.037000
2.574283;1.179880;5.930903e-004;0.038000
2.500202;1.145926;5.929865e-004;0.040000
2.420518;1.109404;5.928841e-004;0.041000
2.656753;1.217679;5.927831e-004;0.035000
2.584770;1.184686;5.926833e-004;0.037000
2.634596;1.207523;5.925849e-004;0.037000
2.452762;1.124182;5.924878e-004;0.040000
2.577098;1.181170;5.923919e-004;0.039000
2.562989;1.174703;5.922973e-004;0.040000
2.491666;1.142013;5.922039e-004;0.040000
2.457086;1.126164;5.921118e-004;0.039000
2.541396;1.164807;5.920208e-004;0.037000
2.780616;1.274449;5.919311e-004;0.036000
2.456368;1.125835;5.918425e-004;0.041000
2.342856;1.073809;5.917550e-004;0.042000
2.531303;1.160180;5.916688e-004;0.040000
2.883389;1.321553;5.915836e-004;0.035000
2.666591;1.222187;5.914996e-004;0.039000
2.773526;1.271199;5.914166e-004;0.037000
2.485179;1.139040;5.913348e-004;0.039000
2.406987;1.103202;5.912540e-004;0.042000
2.104456;0.964543;5.911743e-004;0.047000
1.517665;0.695597;5.910956e-004;0.066000
2.525132;1.157352;5.910179e-004;0.040000
2.691988;1.233828;5.909413e-004;0.037000
2.290077;1.049619;5.908656e-004;0.044000
2.920429;1.338530;5.907910e-004;0.034000
2.593386;1.188635;5.907173e-004;0.038000
2.655706;1.217199;5.906446e-004;0.038000
2.766558;1.268006;5.905729e-004;0.037000
2.941555;1.348213;5.905020e-004;0.036000
2.615702;1.198863;5.904322e-004;0.040000
2.688607;1.232278;5.903632e-004;0.037000
2.444472;1.120383;5.902951e-004;0.042000
2.859337;1.310529;5.902279e-004;0.036000
2.688814;1.232373;5.901616e-004;0.039000
2.878867;1.319481;5.900962e-004;0.035000
1.985691;0.910108;5.900316e-004;0.054000
2.724159;1.248573;5.899679e-004;0.037000
2.474406;1.134103;5.899050e-004;0.041000
2.657326;1.217941;5.898429e-004;0.039000
2.728914;1.250752;5.897816e-004;0.038000
2.853983;1.308076;5.897212e-004;0.036000
2.777358;1.272956;5.896615e-004;0.038000
2.778739;1.273589;5.896026e-004;0.037000
2.796669;1.281807;5.895445e-004;0.037000
2.600481;1.191887;5.894872e-004;0.040000
2.642461;1.211128;5.894305e-004;0.038000
2.633089;1.206832;5.893747e-004;0.040000
2.492683;1.142480;5.893195e-004;0.041000
2.466769;1.130602;5.892651e-004;0.042000
2.539718;1.164037;5.892114e-004;0.042000
2.699935;1.237470;5.891584e-004;0.037000
2.768928;1.269092;5.891061e-004;0.038000
2.534661;1.161720;5.890545e-004;0.040000
2.245558;1.029214;5.890036e-004;0.046000
2.292483;1.050721;5.889533e-004;0.047000
2.750914;1.260836;5.889037e-004;0.038000
2.586769;1.185602;5.888547e-004;0.040000
2.838779;1.301107;5.888064e-004;0.039000
2.555026;1.171054;5.887587e-004;0.042000
2.763386;1.266552;5.887116e-004;0.038000
2.668208;1.222929;5.886652e-004;0.039000
2.120705;0.971990;5.886193e-004;0.050000
1.758000;0.805750;5.885741e-004;0.061000
2.233989;1.023912;5.885295e-004;0.047000
2.527550;1.158461;5.884854e-004;0.042000
2.157232;0.988732;5.884419e-004;0.049000
1.748546;0.801417;5.883990e-004;0.062000
2.783733;1.275878;5.883566e-004;0.038000
2.705939;1.240222;5.883148e-004;0.039000
2.601316;1.192270;5.882736e-004;0.041000
2.649701;1.214446;5.882329e-004;0.041000
2.507137;1.149105;5.881927e-004;0.043000
2.438396;1.117598;5.881530e-004;0.045000
1.853599;0.849566;5.881139e-004;0.059000
1.942175;0.890164;5.880753e-004;0.056000
2.746449;1.258789;5.880372e-004;0.040000
2.525964;1.157734;5.879995e-004;0.042000
2.586522;1.185489;5.879624e-004;0.042000
2.407220;1.103309;5.879258e-004;0.043000
2.769013;1.269131;5.878896e-004;0.038000
2.655778;1.217232;5.878539e-004;0.041000
2.752576;1.261597;5.878187e-004;0.040000
2.581686;1.183273;5.877840e-004;0.040000
2.601092;1.192167;5.877497e-004;0.041000
2.485731;1.139293;5.877158e-004;0.043000
2.488690;1.140650;5.876824e-004;0.043000
2.601704;1.192447;5.876494e-004;0.041000
2.511144;1.150941;5.876169e-004;0.044000
2.751178;1.260957;5.875848e-004;0.040000
2.749611;1.260239;5.875531e-004;0.041000
2.395608;1.097987;5.875218e-004;0.045000
2.768512;1.268901;5.874909e-004;0.039000
2.692568;1.234094;5.874605e-004;0.042000
2.680119;1.228388;5.874304e-004;0.040000
2.620366;1.201001;5.874008e-004;0.043000
2.816203;1.290760;5.873715e-004;0.040000
2.667632;1.222665;5.873426e-004;0.041000
2.610511;1.196484;5.873141e-004;0.042000
2.837330;1.300443;5.872859e-004;0.039000
2.912192;1.334755;5.872581e-004;0.039000
2.610009;1.196254;5.872307e-004;0.043000
2.469287;1.131757;5.872037e-004;0.046000
2.776443;1.272536;5.871770e-004;0.041000
2.806650;1.286381;5.871506e-004;0.039000
2.822346;1.293575;5.871246e-004;0.039000
2.961834;1.357507;5.870990e-004;0.038000
2.795592;1.281313;5.870736e-004;0.040000
2.506758;1.148931;5.870486e-004;0.045000
2.773447;1.271163;5.870240e-004;0.041000
2.737286;1.254589;5.869996e-004;0.040000
2.820147;1.292567;5.869756e-004;0.039000
2.847224;1.304978;5.869519e-004;0.040000
2.736461;1.254212;5.869285e-004;0.040000
2.778417;1.273441;5.869054e-004;0.041000
2.598301;1.190888;5.868826e-004;0.044000
2.616100;1.199046;5.868601e-004;0.043000
2.724601;1.248775;5.868379e-004;0.042000
2.701601;1.238234;5.868160e-004;0.041000
2.841773;1.302479;5.867944e-004;0.040000
2.784558;1.276256;5.867731e-004;0.042000
2.762828;1.266296;5.867520e-004;0.041000
2.893717;1.326287;5.867312e-004;0.040000
2.608714;1.195660;5.867107e-004;0.045000
2.920075;1.338368;5.866905e-004;0.039000
2.909146;1.333359;5.866705e-004;0.039000
2.748694;1.259818;5.866508e-004;0.040000
2.376271;1.089124;5.866313e-004;0.047000
2.769513;1.269360;5.866121e-004;0.042000
2.432150;1.114735;5.865932e-004;0.048000
2.762951;1.266353;5.865745e-004;0.041000
2.810510;1.288150;5.865560e-004;0.041000
2.789681;1.278604;5.865378e-004;0.042000
2.830131;1.297143;5.865199e-004;0.041000
2.669566;1.223551;5.865021e-004;0.044000
2.732096;1.252211;5.864846e-004;0.043000
2.440828;1.118713;5.864673e-004;0.048000
2.845159;1.304031;5.864503e-004;0.041000
2.626309;1.203725;5.864335e-004;0.042000
2.802576;1.284514;5.864169e-004;0.042000
2.980914;1.366252;5.864005e-004;0.039000
2.874897;1.317661;5.863843e-004;0.041000
2.911071;1.334241;5.863683e-004;0.040000
2.349506;1.076857;5.863526e-004;0.050000
2.317272;1.062083;5.863370e-004;0.050000
2.732825;1.252545;5.863217e-004;0.042000
2.617080;1.199495;5.863066e-004;0.044000
2.710486;1.242306;5.862916e-004;0.042000
2.923269;1.339832;5.862769e-004;0.040000
2.872406;1.316519;5.862623e-004;0.042000
2.862915;1.312169;5.862480e-004;0.041000
2.772866;1.270897;5.862338e-004;0.043000
2.919746;1.338217;5.862198e-004;0.041000
2.809119;1.287513;5.862060e-004;0.041000
2.636966;1.208609;5.861924e-004;0.044000
2.917356;1.337122;5.861789e-004;0.039000
2.662690;1.220400;5.861656e-004;0.044000
2.808731;1.287335;5.861526e-004;0.043000
2.659268;1.218831;5.861396e-004;0.044000
2.587838;1.186092;5.861269e-004;0.046000
1.536209;0.704096;5.861143e-004;0.077000
1.902973;0.872196;5.861019e-004;0.064000
2.431721;1.114539;5.860896e-004;0.049000
2.913315;1.335269;5.860775e-004;0.042000
2.675480;1.226261;5.860656e-004;0.045000
2.866175;1.313664;5.860538e-004;0.041000
2.824994;1.294789;5.860421e-004;0.041000
2.582865;1.183813;5.860307e-004;0.048000
2.648862;1.214062;5.860193e-004;0.045000
2.595986;1.189827;5.860082e-004;0.047000
2.826439;1.295451;5.859971e-004;0.044000
2.535690;1.162191;5.859862e-004;0.048000
2.566024;1.176094;5.859755e-004;0.047000
2.986259;1.368702;5.859649e-004;0.039000
2.793887;1.280532;5.859544e-004;0.043000
2.791652;1.279507;5.859441e-004;0.044000
2.728794;1.250697;5.859339e-004;0.044000
2.674934;1.226011;5.859239e-004;0.045000
2.719168;1.246286;5.859139e-004;0.044000
2.599352;1.191370;5.859041e-004;0.048000
2.662557;1.220339;5.858945e-004;0.046000
2.498476;1.145135;5.858849e-004;0.050000
2.701598;1.238233;5.858755e-004;0.046000
2.873108;1.316841;5.858662e-004;0.043000
2.597525;1.190533;5.858570e-004;0.048000
2.741263;1.256412;5.858480e-004;0.045000
2.561593;1.174063;5.858391e-004;0.046000
2.734817;1.253458;5.858302e-004;0.045000
2.555682;1.171354;5.858215e-004;0.047000
2.664893;1.221409;5.858130e-004;0.046000
2.431837;1.114592;5.858045e-004;0.051000
2.588515;1.186403;5.857961e-004;0.048000
2.493655;1.142925;5.857879e-004;0.049000
2.575766;1.180559;5.857797e-004;0.048000
2.577608;1.181404;5.857717e-004;0.048000
2.891401;1.325225;5.857638e-004;0.041000
2.925293;1.340759;5.857559e-004;0.043000
2.598725;1.191082;5.857482e-004;0.048000
2.752640;1.261627;5.857406e-004;0.046000
2.555310;1.171184;5.857331e-004;0.049000
2.824645;1.294629;5.857256e-004;0.044000
2.452009;1.123838;5.857183e-004;0.051000
2.737124;1.254515;5.857111e-004;0.046000
2.775839;1.272260;5.857039e-004;0.045000
2.866170;1.313661;5.856969e-004;0.042000
2.354081;1.078954;5.856899e-004;0.053000
2.606151;1.194486;5.856831e-004;0.046000
2.545625;1.166745;5.856763e-004;0.049000
2.785157;1.276530;5.856696e-004;0.046000
2.423762;1.110891;5.856630e-004;0.051000
2.674438;1.225784;5.856565e-004;0.047000
2.923152;1.339778;5.856501e-004;0.043000
2.763246;1.266488;5.856438e-004;0.046000
3.003379;1.376549;5.856375e-004;0.042000
1.551393;0.711055;5.856313e-004;0.080000
1.779606;0.815653;5.856252e-004;0.072000
2.579460;1.182252;5.856192e-004;0.049000
2.549546;1.168542;5.856133e-004;0.051000
2.807838;1.286926;5.856074e-004;0.045000
2.861095;1.311335;5.856016e-004;0.044000
2.791237;1.279317;5.855959e-004;0.047000
2.758420;1.264276;5.855903e-004;0.047000
2.839243;1.301320;5.855848e-004;0.044000
2.546696;1.167236;5.855793e-004;0.051000
2.584273;1.184458;5.855739e-004;0.050000
2.886887;1.323156;5.855685e-004;0.043000
2.565859;1.176019;5.855633e-004;0.050000
1.596211;0.731596;5.855581e-004;0.081000
2.169423;0.994319;5.855529e-004;0.060000
2.751452;1.261082;5.855479e-004;0.046000
2.933200;1.344383;5.855429e-004;0.044000
2.826475;1.295468;5.855379e-004;0.044000
2.709868;1.242023;5.855331e-004;0.049000
2.624239;1.202776;5.855283e-004;0.050000
2.722898;1.247995;5.855235e-004;0.047000
2.667401;1.222559;5.855188e-004;0.050000
2.680816;1.228708;5.855188e-004;0.048000
2.864088;1.312707;5.855188e-004;0.046000
2.993788;1.372153;5.855188e-004;0.043000
2.736324;1.254149;5.855188e-004;0.046000
2.775496;1.272102;5.855188e-004;0.047000
2.780532;1.274411;5.855188e-004;0.047000
2.305174;1.056538;5.855188e-004;0.055000
2.266677;1.038894;5.855188e-004;0.056000
2.296418;1.052525;5.855188e-004;0.055000
2.939320;1.347188;5.855188e-004;0.045000
2.520553;1.155254;5.855188e-004;0.051000
2.139505;0.980606;5.855188e-004;0.060000
2.474354;1.134079;5.855188e-004;0.053000
2.832205;1.298094;5.855188e-004;0.046000
1.913887;0.877198;5.855188e-004;0.066000
2.327545;1.066792;5.855188e-004;0.055000
2.566047;1.176105;5.855188e-004;0.051000
2.797100;1.282004;5.855188e-004;0.046000
2.719989;1.246662;5.855188e-004;0.049000
2.596750;1.190177;5.855188e-004;0.050000
2.577150;1.181194;5.855188e-004;0.049000
2.794431;1.280781;5.855188e-004;0.047000
2.873063;1.316821;5.855188e-004;0.045000
2.567835;1.176924;5.855188e-004;0.049000
2.832205;1.298094;5.855188e-004;0.045000
2.759645;1.264837;5.855188e-004;0.047000
2.625383;1.203300;5.855188e-004;0.049000
2.402192;1.101005;5.855188e-004;0.053000
2.810372;1.288087;5.855188e-004;0.046000
2.615379;1.198716;5.855188e-004;0.050000
2.490039;1.141268;5.855188e-004;0.051000
2.573300;1.179429;5.855188e-004;0.049000
2.987019;1.369050;5.855188e-004;0.044000
2.514806;1.152619;5.855188e-004;0.051000
2.772110;1.270550;5.855188e-004;0.045000
2.545565;1.166717;5.855188e-004;0.051000
2.436466;1.116714;5.855188e-004;0.054000
2.605079;1.193994;5.855188e-004;0.051000
2.558053;1.172441;5.855188e-004;0.051000
2.410441;1.104786;5.855188e-004;0.053000
2.576784;1.181026;5.855188e-004;0.050000
2.312171;1.059745;5.855188e-004;0.056000
2.842084;1.302622;5.855188e-004;0.046000
2.589085;1.186664;5.855188e-004;0.050000
2.555660;1.171344;5.855188e-004;0.051000
2.762913;1.266335;5.855188e-004;0.047000
2.527308;1.158350;5.855188e-004;0.050000
2.649077;1.214160;5.855188e-004;0.049000
2.482171;1.137662;5.855188e-004;0.052000
2.758186;1.264169;5.855188e-004;0.046000
2.558004;1.172418;5.855188e-004;0.051000
2.653371;1.216128;5.855188e-004;0.048000
2.791265;1.279330;5.855188e-004;0.046000
2.888712;1.323993;5.855188e-004;0.045000
2.585149;1.184860;5.855188e-004;0.050000
2.652036;1.215516;5.855188e-004;0.049000
2.886593;1.323022;5.855188e-004;0.045000
2.723052;1.248066;5.855188e-004;0.047000
2.652863;1.215896;5.855188e-004;0.049000
2.539654;1.164008;5.855188e-004;0.051000
2.120690;0.971983;5.855188e-004;0.062000
2.838610;1.301030;5.855188e-004;0.046000
2.743787;1.257569;5.855188e-004;0.047000
2.779960;1.274148;5.855188e-004;0.047000
2.564525;1.175407;5.855188e-004;0.052000
2.632199;1.206425;5.855188e-004;0.050000
2.937469;1.346340;5.855188e-004;0.044000
2.778847;1.273638;5.855188e-004;0.046000
2.902182;1.330167;5.855188e-004;0.045000
